-0.51685393258427
-0.142322097378277
0.524344569288389
0.265917602996255
0.0786516853932584
0.0674157303370786
-0.048689138576779
0.0898876404494382
-0.363295880149813
-0.273408239700375
0.222846441947566
-0.584269662921348
-0.400749063670412
-0.108614232209738
-0.0936329588014981
0.161048689138577
0.265917602996255
-0.0262172284644195
0.052434456928839
0.277153558052434
0.625468164794007
0.0411985018726592
0
0.0636704119850187
0.449438202247191
-0.0224719101123595
0.168539325842697
-0.47940074906367
0.382022471910112
0.378277153558052
0.228464419475655
0.423220973782772
-0.048689138576779
-0.445692883895131
0.228464419475655
-0.561797752808989
0.104868913857678
-0.0187265917602996
0.00374531835205993
-0.288389513108614
0.00749063670411985
-0.0243445692883895
0.104868913857678
-0.0224719101123595
-0.048689138576779
0.0318352059925094
0.460674157303371
-0.0636704119850187
-0.153558052434457
0.0674157303370786
-0.617977528089888
-0.224719101123595
0.0898876404494382
0.0655430711610487
0.048689138576779
-0.048689138576779
0.0411985018726592
-0.146067415730337
-0.370786516853933
-0.861423220973783
-0.258426966292135
-0.670411985018727
-0.393258426966292
-0.048689138576779
0.0749063670411985
0.0636704119850187
0.333333333333333
0.217228464419476
0.254681647940075
-0.247191011235955
0.0599250936329588
-0.0599250936329588
-0.146067415730337
0.0636704119850187
0.123595505617978
-0.123595505617978
0.250936329588015
-0.0411985018726592
0.149812734082397
0.153558052434457
-0.323970037453184
-0.303370786516854
0.0936329588014981
0.0411985018726592
-0.00749063670411985
-0.172284644194757
0.449438202247191
-0.262172284644195
-0.138576779026217
-0.337078651685393
0.269662921348315
0.134831460674157
0.0561797752808989
0.314606741573034
-0.252808988764045
0.537453183520599
0.337078651685393
-0.0149812734082397
-0.0205992509363296
-0.00749063670411985
-0.329588014981273
0.288389513108614
0.408239700374532
-0.0112359550561798
0.606741573033708
0.50936329588015
0.307116104868914
0.157303370786517
-0.370786516853933
0.0674157303370786
-0.205992509363296
-0.537453183520599
-0.0168539325842697
-0.333333333333333
0.183520599250936
0.0449438202247191
-0.0543071161048689
-0.0636704119850187
-0.535580524344569
-0.108614232209738
-0.644194756554307
-0.0898876404494382
-0.052434456928839
-0.299625468164794
0.0374531835205993
0.0823970037453183
0.176029962546816
-0.153558052434457
0.0599250936329588
0.0898876404494382
0.00374531835205993
0.112359550561798
0.524344569288389
0.247191011235955
-0.0224719101123595
0.269662921348315
0.104868913857678
0.119850187265918
0.0299625468164794
0.142322097378277
0.0411985018726592
0.119850187265918
-0.0187265917602996
-0.0711610486891386
0.123595505617978
0.569288389513109
0.726591760299625
0.646067415730337
0.277153558052434
-0.048689138576779
-0.161048689138577
0.524344569288389
-0.288389513108614
0.140449438202247
0.157303370786517
-0.0112359550561798
0.198501872659176
-0.318352059925094
0.0842696629213483
-0.048689138576779
-0.161048689138577
-0.410112359550562
-0.243445692883895
-0.608614232209738
-0.108614232209738
-0.187265917602996
-0.149812734082397
-0.123595505617978
-0.176029962546816
-0.187265917602996
-0.258426966292135
-0.438202247191011
-0.280898876404494
-0.0411985018726592
0.275280898876405
-0.415730337078652
0.235955056179775
-0.0599250936329588
-0.00561797752808989
0.438202247191011
-0.425093632958801
-0.0973782771535581
0.123595505617978
-0.471910112359551
0.00187265917602996
-0.0374531835205993
0.49063670411985
0.0636704119850187
0.198501872659176
0.355805243445693
0.213483146067416
0.0636704119850187
0.228464419475655
-0.337078651685393
0.153558052434457
0.320224719101124
-0.123595505617978
0.222846441947566
0.254681647940075
-0.344569288389513
-0.0674157303370786
-0.0561797752808989
0.146067415730337
-0.595505617977528
-0.0936329588014981
0.434456928838951
0.131086142322097
-0.0205992509363296
0.153558052434457
0.0936329588014981
0.262172284644195
-0.404494382022472
0.0168539325842697
-0.397003745318352
-0.573033707865168
-0.737827715355805
-0.322097378277154
-0.172284644194757
0.164794007490637
-0.333333333333333
-0.147940074906367
-0.284644194756554
-0.230337078651685
0.0112359550561798
-0.048689138576779
0.0973782771535581
-0.164794007490637
-0.138576779026217
-0.191011235955056
0.0898876404494382
0.264044943820225
0.464419475655431
0.50187265917603
0.209737827715356
0.153558052434457
0.307116104868914
-0.0636704119850187
0.393258426966292
0.0393258426966292
0.363295880149813
0.052434456928839
0.108614232209738
0.0599250936329588
0.179775280898876
0.468164794007491
-0.0823970037453183
0.161048689138577
0.211610486891386
-0.048689138576779
0.368913857677903
0.0674157303370786
-0.172284644194757
-0.048689138576779
-0.411985018726592
-0.591760299625468
-0.295880149812734
-0.048689138576779
-0.411985018726592
-0.239700374531835
0.153558052434457
-0.172284644194757
0.172284644194757
0.142322097378277
0.576779026217228
0.430711610486891
0.247191011235955
-0.344569288389513
-0.284644194756554
