0.432835820895522
0.406716417910448
0.149253731343284
0.0895522388059701
0.0111940298507463
0.0746268656716418
0.0522388059701493
0.145522388059701
0.402985074626866
0.298507462686567
0.305970149253731
0.746268656716418
0.667910447761194
0.414179104477612
0.675373134328358
0.600746268656716
0.313432835820896
0.335820895522388
0.787313432835821
0.51865671641791
0.194029850746269
0.496268656716418
0.899253731343284
0.66044776119403
0.425373134328358
0.847014925373134
0.279850746268657
0.552238805970149
0.171641791044776
0.134328358208955
0.00746268656716418
0.082089552238806
0.0149253731343284
0.261194029850746
0.152985074626866
0.5
0.458955223880597
0.869402985074627
0.604477611940298
0.988805970149254
0.880597014925373
0.380597014925373
0.522388059701492
0.791044776119403
0.962686567164179
0.828358208955224
0.421641791044776
0.817164179104478
0.966417910447761
0.58955223880597
0.690298507462687
0.41044776119403
0.671641791044776
0.384328358208955
0.451492537313433
0.488805970149254
0.533582089552239
0.291044776119403
0.772388059701492
0.955223880597015
0.630597014925373
0.83955223880597
0.507462686567164
0.0970149253731343
0.0597014925373134
0.119402985074627
0.104477611940299
0.190298507462687
0.309701492537313
0.716417910447761
0.843283582089552
0.865671641791045
0.485074626865672
0.76865671641791
0.723880597014925
0.440298507462687
0.645522388059702
0.641791044776119
0.242537313432836
0.347014925373134
0.764925373134328
0.861940298507463
0.462686567164179
0.753731343283582
0.951492537313433
0.638059701492537
0.388059701492537
0.608208955223881
0.593283582089552
0.253731343283582
0.17910447761194
0.138059701492537
0.369402985074627
0.208955223880597
0.597014925373134
0.33955223880597
0.623134328358209
0.720149253731343
1
0.996268656716418
0.802238805970149
0.738805970149254
0.361940298507463
0.365671641791045
0.111940298507463
0.167910447761194
0.0261194029850746
0.0223880597014925
0.164179104477612
0.0783582089552239
0.23134328358209
0.42910447761194
0.276119402985075
0.75
0.682835820895522
0.888059701492537
0.977611940298508
0.779850746268657
0.958955223880597
0.921641791044776
0.686567164179104
0.555970149253731
0.757462686567164
0.548507462686567
0.220149253731343
0.574626865671642
0.805970149253731
0.205223880597015
0.212686567164179
0.783582089552239
0.585820895522388
0.235074626865672
0.503731343283582
0.813432835820896
0.477611940298507
0.358208955223881
0.794776119402985
0.902985074626866
0.858208955223881
0.492537313432836
0.925373134328358
0.891791044776119
0.947761194029851
0.712686567164179
0.529850746268657
0.238805970149254
0.0671641791044776
0.108208955223881
0.0298507462686567
0.00373134328358209
0.0447761194029851
0.0485074626865672
0.126865671641791
0.175373134328358
0.141791044776119
0.182835820895522
0.57089552238806
0.727611940298508
0.664179104477612
0.186567164179104
0.417910447761194
0.455223880597015
0.541044776119403
0.735074626865672
0.932835820895522
0.992537313432836
0.850746268656716
0.761194029850746
0.970149253731343
0.936567164179104
0.578358208955224
0.701492537313433
0.985074626865672
0.944029850746269
0.615671641791045
0.656716417910448
0.332089552238806
0.26865671641791
0.399253731343284
0.473880597014925
0.798507462686567
0.705223880597015
0.264925373134328
0.470149253731343
0.884328358208955
0.447761194029851
0.216417910447761
0.697761194029851
0.809701492537313
0.257462686567164
0.395522388059701
0.742537313432836
0.48134328358209
0.526119402985075
0.223880597014925
0.436567164179104
0.201492537313433
0.123134328358209
0.317164179104478
0.444029850746269
0.694029850746269
0.537313432835821
0.567164179104478
0.835820895522388
0.973880597014925
0.652985074626866
0.73134328358209
0.854477611940298
0.634328358208955
0.354477611940299
0.0335820895522388
0.32089552238806
0.294776119402985
0.626865671641791
0.611940298507463
0.906716417910448
0.832089552238806
0.98134328358209
0.511194029850746
0.544776119402985
0.940298507462687
0.914179104477612
0.649253731343284
0.776119402985075
0.246268656716418
0.25
0.16044776119403
0.0634328358208955
0.0186567164179104
0.0559701492537313
0.0373134328358209
0.0932835820895522
0.115671641791045
0.272388059701493
0.824626865671642
0.563432835820896
0.283582089552239
0.376865671641791
0.91044776119403
0.619402985074627
0.324626865671642
0.708955223880597
0.67910447761194
0.302238805970149
0.287313432835821
0.197761194029851
0.391791044776119
0.514925373134328
0.876865671641791
0.328358208955224
0.373134328358209
0.82089552238806
0.582089552238806
0.92910447761194
0.873134328358209
0.559701492537313
0.156716417910448
0.343283582089552
0.0708955223880597
0.130597014925373
0.0858208955223881
0.041044776119403
0.350746268656716
0.100746268656716
0.466417910447761
0.227611940298507
0.895522388059702
0.917910447761194
