-0.295880149812734
-0.0636704119850187
0.550561797752809
0.359550561797753
0.254681647940075
0.0786516853932584
-0.0149812734082397
0.0299625468164794
-0.367041198501873
-0.119850187265918
0.187265917602996
-0.468164794007491
-0.408239700374532
-0.0973782771535581
-0.00374531835205993
0.164794007490637
0.0374531835205993
-0.048689138576779
0.0449438202247191
0.254681647940075
0.51685393258427
-0.0861423220973783
0.052434456928839
0.146067415730337
0.389513108614232
-0.0224719101123595
-0.0262172284644195
-0.385767790262172
0.445692883895131
0.329588014981273
0.307116104868914
0.426966292134831
0.0224719101123595
-0.224719101123595
0.314606741573034
-0.404494382022472
-0.0749063670411985
-0.220973782771536
-0.0786516853932584
-0.310861423220974
-0.138576779026217
-0.0468164794007491
0.0187265917602996
-0.0149812734082397
-0.0374531835205993
0.0749063670411985
0.243445692883895
-0.0561797752808989
-0.138576779026217
0.0861423220973783
-0.49063670411985
-0.325842696629214
0.127340823970037
0.209737827715356
0.232209737827715
0.00749063670411985
-0.0973782771535581
-0.0936329588014981
-0.528089887640449
-0.880149812734082
-0.217228464419476
-0.670411985018727
-0.344569288389513
-0.0599250936329588
0.101123595505618
0.0299625468164794
0.47940074906367
0.112359550561798
0.247191011235955
-0.265917602996255
0.123595505617978
-0.0262172284644195
-0.0299625468164794
0.127340823970037
0.119850187265918
0.0599250936329588
0.299625468164794
-0.0411985018726592
-0.00749063670411985
0.112359550561798
-0.235955056179775
-0.176029962546816
0.0898876404494382
0.108614232209738
-0.116104868913858
-0.125468164794007
0.415730337078652
-0.397003745318352
-0.198501872659176
-0.217228464419476
0.307116104868914
0.0823970037453183
0.0187265917602996
0.329588014981273
-0.164794007490637
0.453183520599251
0.325842696629214
0.0599250936329588
-0.0280898876404494
-0.00749063670411985
-0.430711610486891
0.224719101123595
0.408239700374532
0.00374531835205993
0.580524344569288
0.558052434456929
0.367041198501873
0.378277153558052
-0.127340823970037
0.179775280898876
-0.116104868913858
-0.327715355805243
-0.00749063670411985
-0.344569288389513
-0.0561797752808989
-0.131086142322097
-0.0898876404494382
-0.277153558052434
-0.535580524344569
-0.101123595505618
-0.554307116104869
-0.232209737827715
-0.0374531835205993
-0.250936329588015
-0.0973782771535581
0.0823970037453183
0.153558052434457
-0.0112359550561798
0.0187265917602996
0.116104868913858
0.00374531835205993
0.0561797752808989
0.314606741573034
0.179775280898876
0
-0.00374531835205993
0.146067415730337
0.0936329588014981
0.0561797752808989
0.0262172284644195
-0.00374531835205993
0.0861423220973783
-0.0112359550561798
-0.0786516853932584
0.172284644194757
0.415730337078652
0.745318352059925
0.623595505617977
0.333333333333333
0.0337078651685393
-0.00749063670411985
0.561797752808989
-0.0898876404494382
0.050561797752809
0.101123595505618
0.146067415730337
0.307116104868914
-0.284644194756554
0.0842696629213483
-0.149812734082397
-0.146067415730337
-0.346441947565543
-0.400749063670412
-0.627340823970037
-0.228464419475655
-0.209737827715356
-0.370786516853933
-0.382022471910112
-0.393258426966292
-0.367041198501873
-0.449438202247191
-0.558052434456929
-0.318352059925094
-0.157303370786517
-0.0561797752808989
-0.382022471910112
-0.0112359550561798
-0.0823970037453183
-0.174157303370787
0.048689138576779
-0.370786516853933
-0.232209737827715
-0.0561797752808989
-0.434456928838951
-0.0112359550561798
-0.0823970037453183
0.359550561797753
0.172284644194757
0.119850187265918
0.183520599250936
0.359550561797753
0.239700374531835
0.157303370786517
-0.434456928838951
0.265917602996255
0.411985018726592
0.00374531835205993
0.391385767790262
0.329588014981273
-0.318352059925094
0.161048689138577
0.176029962546816
0.168539325842697
-0.528089887640449
-0.0823970037453183
0.333333333333333
0.187265917602996
-0.125468164794007
0.247191011235955
0.00374531835205993
0.314606741573034
-0.232209737827715
-0.192883895131086
-0.50936329588015
-0.535580524344569
-0.719101123595506
-0.430711610486891
-0.243445692883895
-0.262172284644195
-0.389513108614232
-0.146067415730337
-0.310861423220974
-0.316479400749064
-0.146067415730337
-0.209737827715356
-0.0674157303370786
-0.123595505617978
0.0149812734082397
0.0187265917602996
0.228464419475655
0.49812734082397
0.456928838951311
0.471910112359551
0.0224719101123595
0.131086142322097
0.370786516853933
0.0936329588014981
0.48314606741573
0.0617977528089888
0.292134831460674
0.288389513108614
0.292134831460674
0.172284644194757
0.340823970037453
0.599250936329588
0.142322097378277
0.0299625468164794
0.234082397003745
-0.0112359550561798
0.295880149812734
0.0449438202247191
-0.127340823970037
-0.0374531835205993
-0.363295880149813
-0.569288389513109
-0.344569288389513
-0.119850187265918
-0.307116104868914
-0.0337078651685393
0.108614232209738
-0.048689138576779
0.430711610486891
0.247191011235955
0.561797752808989
0.441947565543071
0.337078651685393
-0.277153558052434
-0.202247191011236
