0.482143
0.004167
0.449153
0
0
0
0.008333
0.044776
0.259067
0.105769
0.017241
0
0.034884
0.248705
0.052326
0.209302
0.282511
0.148289
0.276786
0.033333
0.361314
0
0.038596
0.258475
0.255814
0.00995
0.015504
0.542601
0.488789
0.208122
0.509615
0.015228
0.697436
0.413462
0.057471
0.357513
0.554745
0.622222
0.054167
0.097436
0.502242
0.422222
0.069652
0.512712
0.913462
0.333333
0.277419
0.288321
0.403587
0.528497
0.019355
0
0.333333
0.317797
0.005076
0.004975
0.450777
0.363184
0.379845
0.590674
0.385593
0.665254
0.281609
0.451613
0.635659
0.632287
0.35426
0.1625
0.648305
0.372197
0.029851
0.046512
0.419492
0.240876
0.038136
0.225641
0.310881
0.097436
0.011407
0.275862
0.694915
0.160714
0
0.382222
0.658031
0.022989
0.251613
0.446541
0.689922
0.284974
0.149425
0.273764
0.522013
0.307692
0
0.353234
0.453333
0.004975
0
0.334746
0.248705
0
0.514599
0.56129
0.374359
0.75
0.055838
0.372881
0
0
0.00995
0
0.064516
0.511628
0.141935
0.677966
0.184615
0.009615
0.459119
0.25
0.004975
0.00995
0.596413
0.357664
0.013393
0.641026
0.00995
0.401163
0.596154
0.186312
0.091667
0.388601
0.124031
0.304569
0.03876
0.42487
0.169811
0.581395
0.686099
0.172414
0.782946
0.286822
0.6
0.148305
0.427673
0.170543
0.176101
0.290155
0.030457
0
0.279188
0.317829
0
0
0.522321
0.449612
0.097701
0.625
0.091954
0.255814
0.075472
0.509677
0.318386
0
0
0
0.004975
0.053812
0.26943
0.251613
0.426667
0.217054
0
0.015228
0.266667
0
0
0.309322
0.481865
0.103226
0.413462
0.046512
0.169154
0.056604
0
0
0.074713
0.326923
0.445255
0.352201
0.596413
0.42487
0.034826
0.221154
0.777202
0.512953
0.142132
0.362069
0.192893
0.017241
0.603774
0.357513
0.046512
0.329032
0.366071
0
0.337209
0.069652
0.73991
0.2875
0
0.279661
0.41704
0.086207
0.108772
0.517413
0.644444
0.330508
0.644444
1.080508
