-1.27805615871268
0.0333586751279012
-0.458066379032428
-0.91371604850061
-0.36496056615161
-0.83767464505454
-1.35963601083494
-1.28015178794151
-1.46507609860544
-1.46507609860544
-1.35948632303289
-1.08929984031604
-0.825849308691864
-1.21952822810754
-1.24228077402054
-1.09992767426225
-0.297601055224973
-0.544136865216463
-1.1683349998033
-0.243713446483664
0.660550565755918
-0.944551735724804
-0.769866070721726
0.14113389261052
1.386536405743
-0.314366089055603
-0.949341745390698
1.38354264970182
0.394106278090555
-0.17964706720233
-0.558207518610027
-0.184736452472342
0.801257099691559
1.69938391204671
-0.379629970753411
-0.0495683672128912
0.238430963948995
0.98088246216259
0.346206181431614
-0.708045008471279
-0.123065078023955
0.892566658947667
-0.827944937920692
-0.863420947008721
-1.46465697275967
-0.489351129662799
-0.789774548395598
-0.800402382341801
0.471943935161335
0.385125009967004
-0.92299669222828
-0.714032520553647
0.879094756762339
0.100718186054538
-0.601616981207193
-0.847703727792506
1.17098597077776
1.07518577745988
0.100718186054538
0.865622854577012
0.919510463318321
2.24275063352158
0.418056326420026
0.66204744377651
1.35510196731057
0.956932413833119
0.310281108937407
0.142630770631112
1.28025806628098
1.36558011345471
-0.273501319093443
-0.272603192281088
1.87601551847656
0.656059931694142
-0.995445588424929
-0.621525458881066
1.44491464854609
0.58420978670573
-1.0634038505598
0.551278470252708
1.22936421358085
0.524334665882053
-0.326341113220338
1.26977992013683
2.06911278313292
-0.0564540061076141
0.0348555531484935
0.792275831568008
0.750363246991434
0.437515740687721
-0.182341447639395
-1.06370322616392
-0.811928343100359
-0.961167081753374
-0.66703055070706
2.02270956449457
0.859635342494644
-0.514348992606684
-1.0307719097109
2.04665961282404
1.21738918941611
-0.903237902356466
0.0962275519927621
1.97331258981504
1.6829182538202
-0.370948078233978
0.0782650157456591
0.166580818960583
0.18005272114591
-0.850398108229571
-0.560303147838856
-1.0274787780656
-1.35963601083494
-1.17282563386507
-1.33194376745399
-0.191921466971183
-0.957873950108072
-0.412261911602315
0.971901194039038
0.308784230916816
-0.882580985672298
-1.04319599728181
1.15002967848948
0.855144708432869
-0.397592507000514
-0.071871849719711
-0.511055860961382
2.05863463698878
1.98229385793859
0.235437207907811
-1.35993538643906
-0.460760759469493
0.741381978867882
-0.17964706720233
-0.579612874304492
-0.961616145159551
-1.18285471660304
-0.324395171793569
0.0812587717868428
-0.836327454836007
0.766828905217945
0.946454267688976
-0.761184178202293
-1.46507609860544
-1.46507609860544
-0.484561119996905
-1.4649862859242
-0.645475507210537
-1.11190269842698
-1.22925793524139
-0.680801828496506
0.392609400069963
-0.751005407662268
-0.991104642165212
1.26379240805446
0.959926169874303
-0.648918326657898
0.0632962355397399
0.0917369179309867
2.88640818237611
-0.790373299603835
1.8326060558794
1.17397972681895
-0.870605961507562
-0.302989816099104
-1.18674659945658
-0.627512970963434
-1.464971317144
-1.464971317144
-1.14363651246353
1.02728568080094
-0.803246450580926
-1.464971317144
-0.517492436449927
0.717431930538411
-1.18839316527923
-1.13001492247614
0.204002769475381
-0.022175499436059
-1.19333286274718
-0.669724931144126
-0.74681414920461
0.9419636336272
-0.201501486302972
-0.367804634390735
-0.918955121572681
-0.518091187658164
-0.897998829284395
0.334231157266879
0.735394466785514
0.90304480509181
0.612650469096977
-0.532610904457906
0.998844998409693
1.53173357374042
-1.01265968566174
-0.317210157294728
1.50029913530799
0.340218669349246
-0.20554305695857
1.34312694314584
0.341715547369838
-0.933325150570364
1.57663991435818
0.831194660103398
-0.279189455571693
1.13506089828356
1.05422948517159
1.0347700709039
0.4599689109966
-0.136087916803105
2.14994419624488
1.56765864623462
0.745872612929658
-0.486507061423674
3.0929773492178
1.0721920214187
0.58420978670573
1.01381377861561
0.043836821272045
