0.940090803246765
-0.572330049040474
0.920750090247467
-1.34802589334
-1.48288914066148
-2.03624099743848
-1.5460420823164
-1.47580847687351
-1.04229713230198
-1.26644414253925
-1.53088230942994
-1.43414096914192
-1.03568678101742
-0.408482369955327
-1.08277231749816
-0.518302847154275
0.43289196935452
-0.253234805438152
-0.652925961589452
0.0295018581343925
0.661782524350998
-0.82261455984478
-0.675150982285763
0.676791486786605
0.295231164616044
-0.240720713583846
-0.191132662100108
1.26850987407336
1.19318795963137
0.635195176910975
1.20963548655183
0.339374126437431
1.74723112894136
0.832550341329859
-0.116117209573417
1.4165458620976
1.09589502939975
1.66187650365343
0.23665610580512
-0.301320643792029
1.03283347506308
1.05496080990051
-0.455799634932563
0.147949377079159
-0.0061542053382327
0.133730301945809
0.25109626698732
0.0696061396383661
0.684264991052792
0.774194581546806
-0.559037776144354
-0.237055057778696
0.927049472736371
0.490969398431398
-0.350603540554527
0.305526148363193
1.45942487130002
0.742874701693122
1.17217439759483
2.05679204719447
1.223745910778
2.28577938179986
0.918291636688096
1.57846113757238
1.75665477468811
2.0080904318367
1.40819951017521
0.579534396021449
1.38002399515174
1.5543061921131
0.313534928028205
0.0245688680279754
1.25100864137302
0.792287267304922
-0.702663155304539
0.220161061335836
0.926440478553305
-0.0357269305406248
-0.715653283080064
0.283282602936682
1.19548481252909
0.0844067359693407
-0.504460581618043
0.966824348492389
1.48921741437868
-0.425219376187254
0.751528248982722
0.54997936061171
1.13067835153774
0.132944297213902
-0.524964200982817
-0.564129619932908
0.256067699184652
-0.341983802305738
-1.08667742211338
0.271749013564445
0.956867531227403
-0.957773645117885
-0.91581116467623
0.870069428639793
0.441009498326185
-0.961529211728956
0.407187059747796
1.29614407094373
0.826052536531596
1.64338760336744
-0.3588054216895
0.162485802027188
-1.09670492137906
-1.79415180068934
-1.56085464447199
-2.07694865355409
-1.5837190933183
-0.748678454017761
-1.126700784145
0.386562000532636
-0.183232256901034
-1.31048303504254
-0.058466294743298
0.154277417718644
-0.914610609971759
-1.00756099172537
1.0092179329424
0.609984836385309
-0.918418516099985
1.07700841367691
-0.676385888031895
0.433994736087161
0.527842477835374
0.185273149730835
-1.14406201872527
-0.109294433091547
-0.670595414849479
-0.614711248453281
-1.45231865519058
0.357905904453629
-0.748117845711577
0.767068223832141
0.486834141398935
-0.566579564201336
1.1200968879471
0.432253515173355
-0.0530275260342061
-1.22424351754169
0.017906926761384
-0.157132032569695
-0.251747007834815
0.0877422712139233
-1.47213339160595
-1.8867044535889
-0.167044919982181
-0.636327939176867
-2.06235770812115
-1.44277988101154
0.530195275884266
-0.479970012046768
-0.920682871958162
0.485386453398609
-0.457038534350981
0.463622812591644
-0.752677276538242
0.737530469874772
0.480460608456696
-1.60887084688577
-1.23360121947382
-2.14597217024276
-1.57486601015254
-1.60835999700889
-0.673287102176299
-0.925294013874483
0.699726430924767
-0.407411862736543
-1.82300680739602
-0.968681223375607
0.524417566039891
-1.42899552984691
-1.7519560694708
0.286791208411366
0.586493274170839
-1.21751609017234
-0.309497599635408
-1.54124583071252
-0.524769968506183
-0.992459756502931
-1.07742751146042
-1.4842929655894
-1.0150091333102
-0.404023185852132
1.09491190487881
0.801074415783867
1.54476389941963
0.83631863465701
-0.606435772781388
0.39193639623592
1.68317281706309
1.51315743770291
-0.355667580076261
-0.19373023073699
-0.309457005542908
-0.518078893048756
0.586205681843484
0.471864589017876
-0.810569254531221
0.51737531395051
0.633484179311525
-1.28185184458753
0.272990038819741
0.00492564141097657
1.10011884662803
0.0338180324923776
-0.914076356837667
0.656477875382265
1.28486581286782
-0.215410392740705
0.0273870062823142
1.29846358464946
0.940640897109077
0.580950885880424
2.04982575146322
2.3789734208341
