-0.744292237442922
0.246575342465753
-0.388127853881279
0.100456621004566
0.360730593607306
0.232876712328767
-0.0114155251141553
-0.0182648401826484
-0.162100456621005
-0.116438356164384
-0.0136986301369863
0.0319634703196347
0.0867579908675799
-0.278538812785388
-0.0867579908675799
-0.200913242009132
-0.159817351598174
-0.0410958904109589
-0.17351598173516
-0.0136986301369863
-0.0136986301369863
-0.0410958904109589
0.0182648401826484
-0.136986301369863
0.328767123287671
0.0410958904109589
-0.246575342465753
0.0091324200913242
-0.214611872146119
-0.203196347031963
-0.525114155251142
-0.0958904109589041
-0.219178082191781
0.164383561643836
-0.0273972602739726
-0.388127853881279
-0.232876712328767
-0.146118721461187
0.0958904109589041
-0.091324200913242
-0.310502283105023
-0.0593607305936073
-0.0958904109589041
-0.296803652968037
-0.438356164383562
-0.132420091324201
-0.273972602739726
-0.232876712328767
-0.0547945205479452
-0.10958904109589
-0.114155251141553
-0.114155251141553
-0.0319634703196347
-0.0753424657534247
-0.0365296803652968
-0.34703196347032
-0.0684931506849315
0.100456621004566
-0.285388127853881
-0.219178082191781
-0.100456621004566
-0.0045662100456621
-0.127853881278539
-0.237442922374429
-0.0776255707762557
-0.178082191780822
-0.292237442922374
-0.091324200913242
-0.0273972602739726
-0.045662100456621
-0.118721461187215
-0.0091324200913242
0.0593607305936073
-0.0593607305936073
-0.0958904109589041
-0.205479452054795
0.114155251141553
0.226027397260274
-0.114155251141553
0.114155251141553
-0.0045662100456621
0.17351598173516
0.105022831050228
0.0593607305936073
0.045662100456621
0.178082191780822
-0.200913242009132
0.0639269406392694
-0.127853881278539
0.150684931506849
0.187214611872146
-0.17351598173516
-0.296803652968037
-0.210045662100457
0.168949771689498
0.401826484018265
-0.0547945205479452
0.182648401826484
-0.0684931506849315
0.182648401826484
0.237442922374429
0.0182648401826484
-0.0365296803652968
0.0502283105022831
0.164383561643836
-0.529680365296804
0.191780821917808
0.0639269406392694
0.45662100456621
0.210045662100457
0.301369863013699
0.150684931506849
0.00228310502283105
-0.141552511415525
-0.0867579908675799
-0.10958904109589
-0.255707762557078
0.301369863013699
0.351598173515982
0.091324200913242
0
-0.0365296803652968
0.0273972602739726
0.0547945205479452
0.205479452054795
-0.315068493150685
0.123287671232877
0.34703196347032
0.287671232876712
0.0730593607305936
-0.100456621004566
-0.0502283105022831
0.452054794520548
0.221461187214612
0.26027397260274
-0.429223744292237
-0.150684931506849
-0.310502283105023
-0.0867579908675799
-0.0547945205479452
-0.118721461187215
0.178082191780822
-0.17351598173516
-0.125570776255708
-0.477168949771689
-0.045662100456621
-0.392694063926941
-0.182648401826484
0.0365296803652968
0.0593607305936073
-0.127853881278539
0.36986301369863
0.287671232876712
0.0730593607305936
0.200913242009132
0.465753424657534
0.118721461187215
-0.091324200913242
0.228310502283105
0.356164383561644
0.0365296803652968
0.205479452054795
0.219178082191781
0.191780821917808
0.333333333333333
0.0958904109589041
0.287671232876712
-0.0136986301369863
-0.246575342465753
-0.091324200913242
0.091324200913242
-0.0958904109589041
0.0045662100456621
0.187214611872146
0.0502283105022831
-0.0136986301369863
0.0867579908675799
0.0319634703196347
-0.159817351598174
-0.0502283105022831
-0.0730593607305936
0.237442922374429
0.470319634703196
0.305936073059361
0.269406392694064
0.132420091324201
0.19634703196347
-0.150684931506849
-0.214611872146119
-0.045662100456621
-0.159817351598174
-0.0821917808219178
0.0730593607305936
0.210045662100457
-0.0410958904109589
-0.780821917808219
0.0730593607305936
0.493150684931507
0.242009132420091
0.155251141552511
0.19634703196347
0
-0.0410958904109589
0.269406392694064
0.045662100456621
0.351598173515982
0.28310502283105
0.360730593607306
-0.0228310502283105
0.17351598173516
0.292237442922374
0.264840182648402
0.0273972602739726
0.310502283105023
-0.0958904109589041
0.0867579908675799
0.0273972602739726
0.00228310502283105
-0.159817351598174
-0.442922374429224
