-0.735159817351598
0.429223744292237
-0.360730593607306
0.15296803652968
0.381278538812785
0.189497716894977
-0.0981735159817352
-0.187214611872146
-0.490867579908676
-0.344748858447489
-0.143835616438356
0.0753424657534247
0.0273972602739726
-0.381278538812785
-0.19634703196347
-0.310502283105023
-0.0776255707762557
-0.0091324200913242
-0.410958904109589
0.26027397260274
0.0502283105022831
0.134703196347032
0.045662100456621
0.100456621004566
0.426940639269406
0.294520547945205
-0.0045662100456621
0.045662100456621
-0.146118721461187
0.0799086757990868
-0.45662100456621
0.317351598173516
-0.219178082191781
0.221461187214612
0.132420091324201
-0.111872146118721
-0.246575342465753
-0.091324200913242
0.36986301369863
-0.0251141552511416
-0.287671232876712
0.0410958904109589
-0.0479452054794521
-0.598173515981735
-0.958904109589041
-0.226027397260274
-0.242009132420091
-0.287671232876712
-0.0365296803652968
-0.205479452054795
-0.0045662100456621
0.248858447488584
0.157534246575342
-0.00228310502283105
0.205479452054795
0.111872146118721
0.0821917808219178
0.178082191780822
-0.107305936073059
-0.10958904109589
0.0867579908675799
0.0410958904109589
0.127853881278539
-0.0684931506849315
-0.0228310502283105
-0.114155251141553
-0.0136986301369863
0.205479452054795
-0.0502283105022831
0.223744292237443
0.26027397260274
0.219178082191781
0.219178082191781
0.251141552511416
-0.0730593607305936
-0.10958904109589
0.333333333333333
0.360730593607306
-0.0319634703196347
0.17351598173516
-0.091324200913242
0.296803652968037
0.385844748858447
0.187214611872146
0.0365296803652968
0.324200913242009
0.0753424657534247
-0.0182648401826484
-0.223744292237443
0.123287671232877
0.123287671232877
-0.374429223744292
-0.584474885844749
-0.397260273972603
0.267123287671233
0.328767123287671
-0.0228310502283105
0.253424657534247
0.0936073059360731
0.34703196347032
0.408675799086758
0.157534246575342
-0.26027397260274
0.0867579908675799
0.251141552511416
-0.552511415525114
0.28310502283105
-0.0821917808219178
0.550228310502283
0.180365296803653
0.194063926940639
0.0981735159817352
-0.248858447488584
-0.721461187214612
-0.305936073059361
-0.45662100456621
-0.237442922374429
0.264840182648402
0.0182648401826484
0.155251141552511
0.0936073059360731
-0.0159817351598174
-0.0342465753424658
0.105022831050228
0.242009132420091
-0.397260273972603
0.226027397260274
0.264840182648402
0.0776255707762557
0.191780821917808
-0.28310502283105
-0.301369863013699
0.36986301369863
-0.0570776255707763
0.105022831050228
-0.573059360730594
-0.301369863013699
-0.429223744292237
-0.388127853881279
-0.159817351598174
-0.246575342465753
0.246575342465753
-0.607305936073059
-0.372146118721461
-0.751141552511416
-0.0045662100456621
-0.397260273972603
-0.232876712328767
-0.0958904109589041
0.0205479452054795
-0.214611872146119
0.0639269406392694
0.23972602739726
0.111872146118721
0.0273972602739726
0.0319634703196347
-0.0136986301369863
-0.351598173515982
0.246575342465753
0.509132420091324
-0.0365296803652968
0.127853881278539
0.269406392694064
0.171232876712329
0.404109589041096
0.0388127853881279
0.207762557077626
-0.246575342465753
-0.479452054794521
-0.363013698630137
0.0776255707762557
-0.17351598173516
-0.0296803652968037
0.194063926940639
0.219178082191781
0.0342465753424658
0.0616438356164384
0.0319634703196347
-0.255707762557078
-0.26027397260274
-0.404109589041096
0.0410958904109589
0.397260273972603
0.205479452054795
0.376712328767123
0.148401826484018
0.0639269406392694
-0.383561643835616
-0.127853881278539
0.091324200913242
-0.107305936073059
-0.04337899543379
0.141552511415525
0.374429223744292
-0.0593607305936073
-0.675799086757991
0.0821917808219178
0.255707762557078
0.210045662100457
0.289954337899543
-0.0091324200913242
-0.00684931506849315
-0.0639269406392694
0.328767123287671
0.0821917808219178
0.41324200913242
0.223744292237443
0.536529680365297
-0.141552511415525
0.118721461187215
0.463470319634703
0.452054794520548
0.200913242009132
0.415525114155251
0.0410958904109589
0.155251141552511
-0.089041095890411
0.0844748858447489
-0.107305936073059
-0.442922374429224
