2.10660934531949
2.01650490624795
0.608483200503636
1.56787339813879
0.463102307754719
0.914634421374267
0.567160543023809
0.95541515873199
1.55986003490902
1.08299712220338
0.105383189417763
-0.111851662585325
-0.440453206915801
-0.709269429785676
0.142823243934862
-0.444028165551634
1.24759548720473
0.316093856011811
-0.111472595636392
0.398782961882792
0.561727873220223
0.246534294055663
0.460586561601122
1.02096698485486
0.683813035978625
-0.0399537354652018
-0.42123267100709
1.22977384794463
0.566812539058016
0.0812972429587459
0.446398605494321
-0.692102862297537
-0.714806125953986
0.0170003420446271
-0.873285805291731
0.00463279223710508
0.0785837746016508
-0.643687453627661
0.105155410959849
-0.909844024260307
0.337356702409958
-0.532266984601938
0.364568202694076
1.00614023338021
0.727450231773518
1.29535458066494
1.45207503049471
1.74540944952801
1.70722541418983
0.397811625100877
0.766936492903297
0.431849728432332
-0.914997542551601
-0.630854176391705
-1.07464534152269
-1.11311556271727
-0.914370616411337
-1.64121228202085
-0.738970861620693
-0.998107271637077
-0.314078125467191
-1.27605936900933
-0.633335340090019
-0.522948438213519
-0.256836271789059
0.42596745087712
-0.102271026804654
0.875630029657147
0.441567151373675
-0.273178387984173
0.910750922635097
0.648097798347834
1.32763249121496
0.7089446809541
0.673389690570733
0.955898168222226
1.41594636975253
0.856719304131797
0.10606307270256
1.53146536604081
1.74934837147222
1.70279985377467
0.557988716835185
0.275859408160139
-0.472425112808637
-0.971131946721955
-0.823590785560749
0.286656774848115
0.290727284705349
-0.701482993747213
-0.0487138753326975
0.860725765980121
0.0547391369255843
0.00207520385464828
-0.834094223250236
-0.876374659714498
-1.65310775186726
-1.38397651968568
-1.56526443435482
-1.28201348165353
-1.29865499559143
-0.890059677237002
-0.444159912940606
-0.44201870787301
0.801015227488525
1.42832276047188
0.937944826167147
-0.265606142600117
0.353007360420843
-0.667993156176593
0.387144504953885
-0.541822699658988
0.346392880346043
0.350114545001537
0.434609985377653
1.24998709151095
1.32626771492735
1.22524500880091
1.31970483151993
0.0786817671923675
0.711679692477691
1.29799223746293
0.897197900005422
1.5237874844854
1.04936559401404
-0.0588168317302378
-0.0983599577593635
-0.49576102632427
-0.670904358741438
-0.933520559461778
-0.021686278488917
-0.0401435181000574
0.118360791861503
1.01766030986725
-0.175389756975707
1.14450766183192
0.267478972484935
1.27520981049899
1.09995538965685
1.04472145689094
2.42615927391671
1.39938634446612
1.01022235870292
0.278628718875736
0.0652784345326994
0.351659133838661
-0.374947468625222
0.872898775510956
-0.43643544775607
0.544555475082934
0.670461306060149
0.304171518584228
0.958116107829663
0.340146559194536
-0.788295621475475
-0.0668313621969947
-1.23721760291693
-0.913031993917501
-1.32886774015283
-0.814907747307237
-0.957517441772673
-0.266840108856165
0.900948491704196
1.36010010236414
-0.177972213666927
0.0104980081434509
0.154278775390922
0.600400622864622
-0.569006608391803
0.670756088981278
-0.169054471644792
1.17300478883035
0.334810938736762
1.46189636396062
1.06647615512644
-0.434364714393387
0.94472381707771
1.54288376571944
1.96304042535716
1.54233205936722
0.990711771665414
0.740888912437248
0.563474584794985
-0.49859527807592
-0.715772347985332
0.131604263172502
-1.01189261504355
-1.02664781666689
-0.0486388426253302
-0.307564335767804
-1.39274727675065
-1.10610813140135
-1.5730169132498
-1.13451971718328
-1.57731471372317
-0.939422691741196
-1.19115236440811
-0.394484542215292
0.284142031606195
-0.394920179820643
0.382099310149135
1.5796912127657
0.922722347213643
0.141338748211381
0.502718100573125
0.19430509771609
1.85272669146734
0.672027694413485
1.71664149202513
2.07965214684255
2.29257188418446
1.44027853484727
0.469522708432565
0.833329002956171
0.994123858799635
0.0784597060551895
1.37575456703976
0.530393814482082
0.440192206999019
0.852499312473348
-0.247022019755212
0.954762866258383
0.729901255656049
0.901322232458226
0.946519429130457
0.125445260728064
0.740552052448189
1.22100191999494
1.23994570285517
0.730504202768732
0.138028724958426
-0.314393198464804
0.19246997551751
-0.656642414250503
0.247387634265012
0.230008862897859
-0.190485776514681
-0.335934372309829
-0.433734733319958
-0.000234228210204915
-0.569576971192603
0.521939181706719
0.681092611200014
0.833504179796878
1.2675529808797
1.90028890568518
1.11466972954062
1.73434720536734
1.47567960553425
0.978684995257814
1.00733120350067
-0.0374902318308045
-0.85847049986869
-0.00497718966593449
0.0339027249721719
-0.525995506060089
-0.529407738880292
0.694645345108423
-0.364401339243272
1.04025232779749
1.23653937729688
1.46356591014038
-0.00768022616632472
0.703376327365988
-0.0918453700333113
-0.815309766497451
-0.339190983169286
-1.18805643873529
-0.487155330310146
-0.414251003223688
-0.806254916189093
-0.987700917034912
-1.16671771305576
-1.01915308363474
-0.813655654586666
-1.30222804268718
-1.31927645252752
-0.982886539535135
-0.198371070919159
-0.691916652940314
0.515889073373315
0.288988511350871
1.35468117111566
1.28694481956892
0.859704496510798
-0.365323932074805
0.173153680031441
-1.20448073520266
-0.716163222854711
-1.1721163564898
-0.992375865839167
-1.48656094355908
-1.44608293796393
-1.42221157476769
-1.64136018894422
-1.77127467952952
-1.16867131638773
-0.668093105465967
-1.12783521135604
-0.704882002092899
-0.737720997644049
-0.388536411538511
-1.01978183013496
0.00268066516451367
-0.35920525341679
0.479240158132485
1.29212833930233
1.25730864724259
-0.434328233785765
0.547247031810161
-0.276557192508209
0.723201034269704
0.2528335039336
0.33180890012835
0.500876374870262
0.849183588378492
0.361350793617069
-0.736251341825979
-1.09697030948602
-0.825064018999098
-1.68735268631967
-1.30949566588576
-0.579007419717297
-0.113924548653969
0.257675917575708
1.10661025049082
1.42270928688194
0.983932210365297
1.15593575263098
1.24452048855171
0.449066663877712
0.375471136586343
-1.06872130723859
0.349429119862224
-1.36815571149366
-0.612720820143212
-1.52174232979493
-1.4786283057529
-1.69715954724179
-1.78854510545866
-1.82473078661858
-1.81966658129406
-1.94155622214271
-1.45959124607127
-1.00759586338402
-0.996711459895149
-1.76024167163798
-1.22721564247541
-0.670431973208102
-0.732288796241178
0.246926192660028
0.739262873805976
1.37581345668623
1.39403341832451
0.769006444061421
-0.0610447038196668
-0.0801775186863558
-0.969108580974368
0.21365707843903
-1.27038959065722
-0.737308777896262
-1.11171417926054
-1.58505402305144
-1.66083850939952
-1.9682339900891
-1.81576340080475
-2.07868073281293
-2.05004872479206
-1.46439698659072
-1.14002262631724
-0.645328560215605
-0.551308568647296
-1.86946811988136
-1.44745041346049
-1.96007785541914
-1.5094886459306
-0.665535872994496
-1.14370917008629
-0.496270399036239
0.280856567098999
0.940529121441481
-0.913611585100718
0.196517525079402
-1.20575837292244
-0.223199606799678
-0.624414005675548
-1.54230333079864
-1.58108612379489
-1.71653804289909
-1.80491731906144
-2.00573810610849
-1.5506528000127
-1.36472353714834
-1.4133731546416
-1.92101939507751
-1.49518325093288
-1.22459708141664
-0.96435831534878
-0.60586881291448
-0.0942681493684942
0.467422468976597
0.124975267248916
-0.688652086317462
-0.0214992020042486
-1.19021434715304
-0.214633097507861
-0.0663116474289064
-1.44015527886699
-1.41647090836372
-1.81316007462852
-1.47215945451471
-1.7254928649925
-1.5879859022093
-0.928076785417236
-0.915382451953046
-1.29185471259985
-1.70969958019947
-1.71683162280089
-1.32369694781343
-1.32830926824031
-0.917660283701634
-0.951872762914251
-0.391254865677151
0.522491786424024
0.54013439879734
-0.172981970817445
1.01157139827989
-0.308579170831548
0.92320112836693
0.465497095038244
-0.5611774037365
0.230998215648977
-1.04813989413998
0.0763941703747263
-0.179979665370138
-1.31708852907944
-0.946404340439047
-1.55778366405525
-1.41662020618417
-1.1588452093277
-1.33157889386046
-1.10718390699286
-1.34496268429916
-0.289991257348186
0.382465018341419
-0.0474241157750332
0.194565868569552
0.200559862431951
0.551435644369659
-0.512372547722905
-1.28673520755924
-1.06120676231098
-1.52348145252484
-1.3597078434503
-1.05417378244765
-1.6038854859012
-0.991244601598688
-0.876709965164685
0.104018829638336
0.581719910186318
0.727749303338963
1.40477999556705
2.04357129380915
1.89832906729951
1.11598699228843
1.78208601152142
0.927701557104921
1.23497476415647
1.73018399835207
2.1170445996096
0.837197528513799
0.678373085886824
-0.411014133672672
0.389014218135332
-0.668233565543857
0.31854883786255
-0.834528070751493
0.00618952786201958
0.34720100138835
-0.974507378264791
-0.549826612787659
-1.29299173335622
-0.84190967656625
-0.544513440712041
0.181202070659717
-1.08405020975256
-1.30674543359789
-1.20997817535271
-0.792366176987032
-0.668485410149412
-0.855635098365609
-0.737164525392887
-0.00610941122803454
-0.0746405263003899
-0.0877954105855459
-0.158943886101347
0.766699856819387
-0.397237855655359
1.14677209434199
1.18813305870499
-0.458747827989982
0.38782765989646
-0.526141660231797
0.83330692268929
0.698783612520925
-0.622115132280554
-0.0655769098978287
-0.758089719612153
0.044908874388872
0.293699255379554
0.0443398217021345
-0.38648845446484
-0.49490088060825
1.05404667494453
0.237679322374316
1.52635372707415
0.136658932286009
0.19352101448853
-0.71142977862469
-0.727698825081584
0.618900217733927
-0.731198081131005
0.135617745452393
-0.286060041023597
0.451893134910919
1.2828600531552
0.609580554758819
2.09026636318585
1.56712777463354
0.570553693103583
0.931902693480972
0.0087872048521588
0.354846506811002
-0.128284054722017
0.72387108687914
-0.0750592995448091
0.792050654500194
0.736369509658756
-0.261600568264006
0.514147342314193
0.0485599582111336
0.684837890786422
1.13957050488228
1.76089025624728
1.48893696786823
0.177886546018791
1.3792767506116
1.44239019030601
2.18181894345958
1.00092853356993
0.881327021152094
1.29986787597332
0.967213831137838
1.86766436737014
1.21886142912329
0.802971630907626
-0.101418058990217
0.241968930559386
-0.0437366020374955
0.888666562799628
0.298820563602733
1.08429765445318
1.38942437209705
1.62020123546087
0.520846186665613
1.93635553253377
1.71618723273268
1.25361510121564
0.717159928651907
1.55577790029797
0.420176705784422
1.40620970595043
