-0.691768826619965
-0.42031523642732
0.325744308231173
0.0455341506129597
-0.0910683012259194
0.0595446584938704
0.031523642732049
0.248686514886165
-0.00350262697022767
0.36077057793345
0.217162872154116
0.586690017513135
0.0586690017513135
-0.341506129597198
-0.334500875656743
0.18476357267951
-0.292469352014011
0.18739054290718
0.010507880910683
0.0385288966725044
-0.366024518388792
0.103327495621716
-0.0437828371278459
-0.0175131348511384
-0.010507880910683
-0.539404553415061
0.611208406304729
-0.042031523642732
0.142732049036778
0.0455341506129597
0.0411558669001751
0.319614711033275
-0.0490367775831874
0.176882661996497
0.0560420315236427
0.218914185639229
0.0788091068301226
-0.0735551663747811
0.223292469352014
0.00963222416812609
0.276707530647986
0.274080560420315
0.715411558669002
0.0753064798598949
-0.0411558669001751
0.0411558669001751
0.148861646234676
0.0245183887915937
0.0858143607705779
0.311733800350263
0.264448336252189
-0.0823117338003503
0.237302977232925
0
0.340630472854641
0.270577933450088
0.343257443082312
0.362521891418564
-0.0367775831873905
-0.169877408056042
0.0551663747810858
0.204028021015762
0.561295971978984
0.0245183887915937
0.0718038528896672
0.437828371278459
0.2215411558669
-0.45183887915937
0.204903677758319
-0.140105078809107
-0.479859894921191
-0.42907180385289
-0.791593695271454
-0.429947460595447
0.115586690017513
0.0665499124343257
-0.0945709281961471
-0.495621716287215
-0.0971978984238179
0.0183887915936953
-0.112084063047285
-0.0236427320490368
-0.0157618213660245
0.0455341506129597
0.0236427320490368
0.282837127845884
0.370402802101576
-0.194395796847636
0.0595446584938704
0.547285464098074
-0.453590192644483
0.0201401050788091
-0.0945709281961471
-0.390542907180385
0.0376532399299475
0.241681260945709
-0.110332749562172
0.398423817863398
0.42031523642732
0.648861646234676
0.4430823117338
0.118213660245184
0.110332749562172
0.101576182136602
0.227670753064799
0.119089316987741
-0.263572679509632
0.80122591943958
0.230297723292469
0.291593695271454
0.369527145359019
0.153239929947461
-0.371278458844133
-0.366024518388792
0.021015761821366
-0.530647985989492
-0.605954465849387
-0.441330998248686
-0.607705779334501
0.583187390542907
-0.108581436077058
0.246935201401051
0.010507880910683
-0.471103327495622
0.0840630472854641
0.359019264448336
-0.366024518388792
-0.0735551663747811
0.0858143607705779
0.0735551663747811
-0.0280210157618214
-0.307355516637478
-0.253940455341506
-0.40630472854641
-0.481611208406305
-0.0823117338003503
-0.51138353765324
-0.0157618213660245
0.106830122591944
0.241681260945709
-0.373029772329247
-0.536777583187391
0.311733800350263
0.314360770577933
0.0586690017513135
-0.287215411558669
0.323117338003503
-0.611208406304729
0.223292469352014
-0.618213660245184
-0.280210157618214
-0.271453590192644
-0.388791593695271
0.00875656742556918
0.0411558669001751
-0.0227670753064799
-0.350262697022767
0.0823117338003503
0.111208406304729
-0.0901926444833625
-0.0306479859894921
-0.0630472854640981
-0.397548161120841
-0.203152364273205
-0.128721541155867
-0.0700525394045534
0.194395796847636
-0.147110332749562
0.781961471103327
0.275831873905429
0.794220665499124
-0.586690017513135
0.130472854640981
-0.100700525394046
0.0472854640980736
0.521015761821366
0.0630472854640981
0.00700525394045534
-0.437828371278459
-0.0280210157618214
-0.356392294220665
0.330998248686515
0.172504378283713
0.704028021015762
0.499124343257443
-0.0402802101576182
0.328371278458844
0.0218914185639229
0.397548161120841
-0.0630472854640981
0.0122591943957968
0.663747810858144
0.68739054290718
0.594570928196147
0.277583187390543
0.229422066549912
0.556042031523643
-0.0910683012259194
0.0507880910683012
-0.0332749562171629
-0.371278458844133
-0.422066549912434
-0.481611208406305
0.136602451838879
-0.0140105078809107
-0.320490367775832
-0.31523642732049
0.0683012259194396
0.0683012259194396
-0.746059544658494
-0.847635726795096
0.392294220665499
0.274956217162872
0.168126094570928
-0.211908931698774
0.234676007005254
-0.0245183887915937
-0.42907180385289
-0.471978984238179
0.19614711033275
0.172504378283713
0.328371278458844
0.124343257443082
-0.25569176882662
0.120840630472855
0.53415061295972
-0.306479859894921
0.103327495621716
-0.0700525394045534
-0.201401050788091
-0.0700525394045534
0.0140105078809107
-0.486865148861646
0.320490367775832
-0.500875656742557
-0.311733800350263
-0.523642732049037
0.245183887915937
-0.0779334500875657
-0.374781085814361
0.0306479859894921
-0.346760070052539
0.112084063047285
-0.404553415061296
0.136602451838879
-0.19877408056042
0.0604203152364273
0.119089316987741
0.031523642732049
-0.362521891418564
0.264448336252189
0.327495621716287
0.531523642732049
0.231173380035026
-0.0192644483362522
0.728546409807356
0.0884413309982487
0.141856392294221
-0.288091068301226
-0.473730297723292
-0.769702276707531
-0.697022767075307
-0.119964973730298
-0.327495621716287
-0.322241681260946
-0.144483362521891
-0.313485113835377
-0.0910683012259194
-0.0236427320490368
-0.155866900175131
-0.296847635726795
-0.074430823117338
0.154115586690018
0.00437828371278459
0.294220665499124
-0.0253940455341506
0.265323992994746
0.0612959719789842
0.316987740805604
0.154991243432574
0.32399299474606
0.333625218914186
-0.402802101576182
-0.113835376532399
-0.632224168126095
0.0726795096322242
-0.234676007005254
-0.0499124343257443
0.480735551663748
-0.0901926444833625
0.212784588441331
-0.0901926444833625
0.0928196147110333
-0.179509632224168
-0.179509632224168
-0.0464098073555166
0.0735551663747811
-0.381786339754816
0.237302977232925
0.529772329246935
0.143607705779334
0.042031523642732
0.748686514886165
0.253940455341506
0.430823117338003
-0.0604203152364273
-0.0472854640980736
-0.186514886164623
0.802977232924693
-0.17338003502627
-0.339754816112084
-0.0647985989492119
0.0560420315236427
0.0394045534150613
-0.214535901926445
-0.164623467600701
0.269702276707531
0.521015761821366
0.691768826619965
0.140105078809107
0.612084063047285
0.850262697022767
0.415061295971979
0.252189141856392
0.0971978984238179
0.0271453590192644
-0.0963222416812609
-0.0963222416812609
-0.171628721541156
-0.42907180385289
0.458844133099825
0.202276707530648
0.316112084063047
0.00875656742556918
0.251313485113835
0.215411558669002
-0.0288966725043783
0.218038528896672
0.123467600700525
0.279334500875657
0.36077057793345
-0.155866900175131
-0.183012259194396
0.132224168126095
0.363397548161121
-0.446584938704028
0.247810858143608
0.263572679509632
0.0490367775831874
0.145359019264448
-0.191768826619965
-0.649737302977233
-0.113835376532399
-0.493870402802102
0.313485113835377
0.115586690017513
0.463222416812609
0.2215411558669
-0.155866900175131
0.164623467600701
0.212784588441331
-0.203152364273205
0.396672504378284
0.204028021015762
0.0499124343257443
0.508756567425569
-0.232049036777583
0.142732049036778
0.313485113835377
-0.0122591943957968
-0.366024518388792
-0.472854640980736
0.00788091068301226
-0.394045534150613
-0.0901926444833625
0.109457092819615
-0.368651488616462
0.161120840630473
-0.21015761821366
-0.456217162872154
-0.844133099824869
0.7215411558669
-0.222416812609457
0.00262697022767075
0.0113835376532399
-0.110332749562172
-0.130472854640981
0.16199649737303
0.17600700525394
-0.137478108581436
0.0709281961471103
-0.042907180385289
-0.425569176882662
-0.355516637478109
0.129597197898424
0.0341506129597198
-0.225919439579685
0.156742556917688
-0.481611208406305
-0.215411558669002
-0.242556917688266
-0.490367775831874
-0.0718038528896672
-0.115586690017513
-0.0394045534150613
-0.00788091068301226
-0.495621716287215
-0.0980735551663748
0.12784588441331
0.0376532399299475
0.0446584938704028
0.100700525394046
0.617338003502627
-0.11646234676007
-0.304728546409807
-0.283712784588441
-0.00437828371278459
-0.0394045534150613
0.0674255691768827
-0.0359019264448336
0.149737302977233
-0.260070052539405
-0.525394045534151
-0.672504378283713
-0.236427320490368
-0.294220665499124
-0.427320490367776
-0.0306479859894921
-0.418563922942207
-0.750437828371278
0.032399299474606
-0.155866900175131
-0.0963222416812609
-0.0297723292469352
-0.359019264448336
0.0989492119089317
-0.183012259194396
0.200525394045534
0.144483362521891
0.30122591943958
-0.0262697022767075
0.0166374781085814
0.432574430823117
-0.369527145359019
-0.292469352014011
0.107705779334501
-0.0140105078809107
0.0490367775831874
-0.273204903677758
-0.0788091068301226
0.136602451838879
0.344133099824869
0.344133099824869
-0.185639229422067
0.500875656742557
0.233800350262697
0.136602451838879
0.232049036777583
-0.53415061295972
0.164623467600701
-0.446584938704028
-0.558669001751314
-0.95446584938704
-0.758318739054291
-0.719789842381786
-0.758318739054291
-0.78984238178634
-0.304728546409807
-0.415061295971979
-0.835376532399299
-0.320490367775832
-0.319614711033275
-0.0201401050788091
-0.411558669001751
-0.042907180385289
-0.0840630472854641
-0.0236427320490368
-0.063922942206655
-0.594570928196147
-0.207530647985989
-0.129597197898424
0.0464098073555166
-0.0788091068301226
-0.217162872154116
-0.464098073555166
0.55954465849387
0.459719789842382
0.41768826619965
0.113835376532399
0.408931698774081
0.304728546409807
0.43169877408056
0.18739054290718
0.143607705779334
0.185639229422067
-0.147985989492119
0.359019264448336
-0.0262697022767075
-0.271453590192644
-0.633975481611208
0.158493870402802
0.0560420315236427
0.186514886164623
-0.374781085814361
-0.69877408056042
-0.0481611208406305
0.246935201401051
0.174255691768827
0.0709281961471103
-0.063922942206655
0.142732049036778
0.448336252189142
0.705779334500876
-0.00350262697022767
-0.147985989492119
-0.115586690017513
0.381786339754816
0.257443082311734
0.740805604203152
0.603327495621716
0.189141856392294
0.489492119089317
-0.236427320490368
0.743432574430823
-0.345008756567426
0.0770577933450088
-0.285464098073555
-0.185639229422067
-0.541155866900175
0.358143607705779
-0.391418563922942
0.642732049036778
-0.145359019264448
0.0253940455341506
0.108581436077058
-0.0455341506129597
-0.0271453590192644
-0.563922942206655
0.300350262697023
0.217162872154116
-0.0385288966725044
-0.353765323992995
-0.686514886164623
-0.185639229422067
0.0630472854640981
0.358143607705779
-0.00875656742556918
0.183887915936953
-0.226795096322242
0.104203152364273
0.304728546409807
0.290718038528897
-0.0262697022767075
-0.00875656742556918
-0.166374781085814
0.194395796847636
0.433450087565674
0.318739054290718
0.642732049036778
0.124343257443082
0.427320490367776
0.267950963222417
-0.318739054290718
0.0674255691768827
0.702276707530648
-0.117338003502627
-0.228546409807356
0.218914185639229
0.0753064798598949
-0.0630472854640981
0.514886164623468
-0.167250437828371
