1
0.982517482517482
0.566433566433566
0.935314685314685
0.805944055944056
0.660839160839161
0.909090909090909
0.722027972027972
0.956293706293706
0.611888111888112
0.328671328671329
0.356643356643357
0.336538461538462
0.452797202797203
0.723776223776224
0.390734265734266
0.996503496503496
0.513986013986014
0.655594405594406
0.564685314685315
0.882867132867133
0.458041958041958
0.746503496503496
0.926573426573427
0.736888111888112
0.576923076923077
0.34965034965035
0.907342657342657
0.649475524475524
0.625874125874126
0.621503496503496
0.097027972027972
0.293706293706294
0.58041958041958
0.344405594405594
0.725524475524476
0.631118881118881
0.33041958041958
0.618006993006993
0.284090909090909
0.545454545454545
0.097027972027972
0.097027972027972
0.694055944055944
0.606643356643357
0.916958041958042
0.844405594405594
0.963286713286713
0.868881118881119
0.568181818181818
0.501748251748252
0.578671328671329
0.242132867132867
0.202797202797203
0.333041958041958
0.245629370629371
0.263986013986014
0.316433566433566
0.421328671328671
0.449300699300699
0.510489510489511
0.383741258741259
0.351398601398601
0.451048951048951
0.463286713286713
0.547202797202797
0.322552447552448
0.807692307692308
0.493006993006993
0.512237762237762
0.902097902097902
0.627622377622378
0.910839160839161
0.798076923076923
0.858391608391608
0.716783216783217
0.91958041958042
0.783216783216783
0.366258741258741
0.886363636363636
0.972027972027972
0.94493006993007
0.63986013986014
0.835664335664336
0.27972027972028
0.097027972027972
0.322552447552448
0.828671328671329
0.461538461538462
0.097027972027972
0.811188811188811
0.94493006993007
0.571678321678322
0.753496503496504
0.340034965034965
0.377622377622378
0.29020979020979
0.097027972027972
0.194055944055944
0.097027972027972
0.288461538461538
0.097027972027972
0.440559440559441
0.297202797202797
0.763986013986014
0.875874125874126
0.803321678321678
0.097027972027972
0.454545454545455
0.097027972027972
0.486013986013986
0.097027972027972
0.589160839160839
0.398601398601399
0.84965034965035
0.947552447552448
0.942307692307692
0.793706293706294
0.873251748251748
0.381118881118881
0.534965034965035
0.646853146853147
0.671328671328671
0.95979020979021
0.636363636363636
0.447552447552448
0.756993006993007
0.438811188811189
0.536713286713287
0.388111888111888
0.774475524475524
0.838286713286713
0.751748251748252
0.977272727272727
0.517482517482518
0.914335664335664
0.629370629370629
0.818181818181818
0.765734265734266
0.52972027972028
0.998251748251748
0.841783216783217
0.552447552447552
0.097027972027972
0.097027972027972
0.475524475524476
0.097027972027972
0.758741258741259
0.097027972027972
0.715034965034965
0.746503496503496
0.702797202797203
0.966783216783217
0.711538461538462
0.416958041958042
0.524475524475524
0.45979020979021
0.202797202797203
0.097027972027972
0.229895104895105
0.308566433566434
0.286713286713287
0.93006993006993
0.975524475524476
0.431818181818182
0.730769230769231
0.56993006993007
0.755244755244755
0.097027972027972
0.538461538461538
0.097027972027972
0.847902097902098
0.687062937062937
0.90034965034965
0.888111888111888
0.395104895104895
0.533216783216783
0.961538461538462
0.928321678321678
0.879370629370629
0.894230769230769
0.587412587412587
0.732517482517482
0.097027972027972
0.416958041958042
0.769230769230769
0.308566433566434
0.238636363636364
0.541958041958042
0.466783216783217
0.298951048951049
0.097027972027972
0.097027972027972
0.097027972027972
0.097027972027972
0.097027972027972
0.097027972027972
0.555944055944056
0.701048951048951
0.477272727272727
0.881118881118881
0.968531468531469
0.905594405594406
0.557692307692308
0.762237762237762
0.437062937062937
0.984265734265734
0.70979020979021
0.81993006993007
0.954545454545455
0.973776223776224
0.597902097902098
0.353146853146853
0.638111888111888
0.870629370629371
0.407342657342657
0.958041958041958
0.83041958041958
0.497377622377622
0.760489510489511
0.274475524475524
0.621503496503496
0.659090909090909
0.867132867132867
0.786713286713287
0.445804195804196
0.655594405594406
0.746503496503496
0.68006993006993
0.634615384615385
0.22027972027972
0.212412587412587
0.594405594405594
0.202797202797203
0.527972027972028
0.884615384615385
0.552447552447552
0.435314685314685
0.097027972027972
0.5
0.259615384615385
0.522727272727273
0.480769230769231
0.482517482517482
0.79020979020979
0.937062937062937
0.678321678321678
0.812937062937063
0.891608391608392
0.921328671328671
0.683566433566434
0.573426573426573
0.266608391608392
0.41958041958042
0.358391608391608
0.20979020979021
0.097027972027972
0.704545454545455
0.340034965034965
0.780594405594406
0.838286713286713
0.854895104895105
0.23513986013986
0.603146853146853
0.428321678321678
0.229895104895105
0.442307692307692
0.295454545454545
0.336538461538462
0.592657342657343
0.313811188811189
0.097027972027972
0.197552447552448
0.097027972027972
0.255244755244755
0.097027972027972
0.097027972027972
0.22027972027972
0.409965034965035
0.097027972027972
0.601398601398601
0.23513986013986
0.865384615384615
0.863636363636364
0.695804195804196
0.097027972027972
0.575174825174825
0.097027972027972
0.097027972027972
0.097027972027972
0.259615384615385
0.097027972027972
0.274475524475524
0.270104895104895
0.242132867132867
0.097027972027972
0.375874125874126
0.412587412587413
0.245629370629371
0.333041958041958
0.363636363636364
0.47027972027972
0.097027972027972
0.403846153846154
0.36013986013986
0.916958041958042
0.814685314685315
0.924825174825175
0.097027972027972
0.508741258741259
0.423076923076923
0.741258741258741
0.772727272727273
0.562062937062937
0.803321678321678
0.896853146853147
0.692307692307692
0.097027972027972
0.097027972027972
0.386363636363636
0.097027972027972
0.097027972027972
0.347902097902098
0.305944055944056
0.641608391608392
0.728146853146853
0.791958041958042
0.666083916083916
0.816433566433566
0.97027972027972
0.372377622377622
0.585664335664336
0.097027972027972
0.624125874125874
0.097027972027972
0.405594405594406
0.097027972027972
0.097027972027972
0.097027972027972
0.097027972027972
0.277972027972028
0.25
0.238636363636364
0.097027972027972
0.097027972027972
0.466783216783217
0.097027972027972
0.097027972027972
0.431818181818182
0.379370629370629
0.728146853146853
0.832167832167832
0.825174825174825
0.980769230769231
0.687062937062937
0.484265734265734
0.504370629370629
0.097027972027972
0.739510489510489
0.22027972027972
0.504370629370629
0.414335664335664
0.097027972027972
0.097027972027972
0.097027972027972
0.097027972027972
0.313811188811189
0.097027972027972
0.354895104895105
0.396853146853147
0.526223776223776
0.487762237762238
0.097027972027972
0.40034965034965
0.097027972027972
0.097027972027972
0.409965034965035
0.22027972027972
0.346153846153846
0.649475524475524
0.923076923076923
0.097027972027972
0.706293706293706
0.097027972027972
0.673076923076923
0.444055944055944
0.303321678321678
0.097027972027972
0.097027972027972
0.259615384615385
0.097027972027972
0.097027972027972
0.431818181818182
0.361888111888112
0.097027972027972
0.097027972027972
0.300699300699301
0.097027972027972
0.494755244755245
0.734265734265734
0.698426573426573
0.655594405594406
0.25
0.615384615384615
0.229895104895105
0.562062937062937
0.743006993006993
0.25
0.424825174825175
0.097027972027972
0.097027972027972
0.097027972027972
0.097027972027972
0.390734265734266
0.466783216783217
0.326923076923077
0.097027972027972
0.097027972027972
0.097027972027972
0.097027972027972
0.097027972027972
0.266608391608392
0.548951048951049
0.72027972027972
0.479020979020979
0.531468531468531
0.877622377622378
0.322552447552448
0.846153846153846
0.894230769230769
0.284090909090909
0.809440559440559
0.22027972027972
0.676573426573427
0.645104895104895
0.097027972027972
0.383741258741259
0.097027972027972
0.097027972027972
0.374125874125874
0.368881118881119
0.097027972027972
0.197552447552448
0.456293706293706
0.713286713286713
0.698426573426573
0.662587412587413
0.770979020979021
0.903846153846154
0.519230769230769
0.097027972027972
0.097027972027972
0.097027972027972
0.22027972027972
0.274475524475524
0.097027972027972
0.097027972027972
0.097027972027972
0.59965034965035
0.613636363636364
0.898601398601399
0.821678321678322
0.993006993006993
0.987762237762238
0.856643356643357
0.949300699300699
0.833916083916084
0.54020979020979
0.861013986013986
0.991258741258741
0.643356643356643
0.472902097902098
0.097027972027972
0.543706293706294
0.259615384615385
0.666083916083916
0.097027972027972
0.472902097902098
0.780594405594406
0.303321678321678
0.559440559440559
0.097027972027972
0.291958041958042
0.687062937062937
0.784965034965035
0.097027972027972
0.097027972027972
0.097027972027972
0.212412587412587
0.097027972027972
0.311188811188811
0.097027972027972
0.606643356643357
0.342657342657343
0.318181818181818
0.207167832167832
0.48951048951049
0.197552447552448
0.851398601398601
0.931818181818182
0.097027972027972
0.632867132867133
0.097027972027972
0.788461538461538
0.800699300699301
0.229895104895105
0.596153846153846
0.097027972027972
0.798076923076923
0.841783216783217
0.497377622377622
0.366258741258741
0.207167832167832
0.979020979020979
0.583041958041958
0.989510489510489
0.520979020979021
0.61013986013986
0.097027972027972
0.097027972027972
0.66958041958042
0.097027972027972
0.590909090909091
0.097027972027972
0.75
0.853146853146853
0.506993006993007
0.994755244755245
0.933566433566434
0.402097902097902
0.736888111888112
0.097027972027972
0.552447552447552
0.270104895104895
0.776223776223776
0.22027972027972
0.618006993006993
0.652097902097902
0.097027972027972
0.666083916083916
0.370629370629371
0.826923076923077
0.951923076923077
0.938811188811189
0.823426573426573
0.097027972027972
0.606643356643357
0.767482517482518
0.965034965034965
0.583041958041958
0.491258741258741
0.708041958041958
0.690559440559441
0.986013986013986
0.674825174825175
0.681818181818182
0.097027972027972
0.515734265734266
0.253496503496503
0.795454545454545
0.426573426573427
0.718531468531469
0.912587412587413
0.861013986013986
0.281468531468531
0.940559440559441
0.951923076923077
0.777972027972028
0.393356643356643
0.88986013986014
0.322552447552448
0.873251748251748
