16.1888111888112
21.2587412587413
27.8321678321678
29.6153846153846
24.3006993006993
24.4055944055944
28.8111888111888
29.4055944055944
29.0559440559441
29.4405594405594
20.9090909090909
28.8461538461538
17.9020979020979
12.2377622377622
17.7972027972028
21.5034965034965
24.0909090909091
24.020979020979
23.3216783216783
22.0629370629371
20.3496503496504
21.2237762237762
24.0559440559441
28.1818181818182
24.527972027972
10.7692307692308
29.1958041958042
27.3076923076923
25.8391608391608
23.4265734265734
23.2517482517483
18.3216783216783
14.8951048951049
25.1398601398601
18.006993006993
28.8811188811189
24.1958041958042
15.1398601398601
26.8181818181818
15.8741258741259
26.4335664335664
17.4125874125874
26.2237762237762
25.3846153846154
21.3111888111888
29.1608391608392
29.8601398601399
29.7552447552448
29.0909090909091
27.5874125874126
25.3146853146853
19.9300699300699
19.5804195804196
14.0559440559441
23.4615384615385
20.3146853146853
22.1328671328671
23.5664335664336
17.6923076923077
15.5944055944056
21.3111888111888
21.7482517482517
28.2342657342657
19.5104895104895
20.6993006993007
29.6853146853147
20.8741258741259
17.1328671328671
23.951048951049
17.4475524475524
18.4615384615385
13.986013986014
12.4125874125874
17.3776223776224
29.4755244755245
25.6643356643357
26.5034965034965
15.7692307692308
15.3846153846154
28.0944055944056
27.2027972027972
28.4265734265734
22.4825174825175
27.6223776223776
16.0664335664336
17.5874125874126
23.8461538461538
22.6923076923077
20.4195804195804
22.8671328671329
17.1678321678322
29.3006993006993
19.5454545454545
17.2727272727273
17.5524475524476
22.3776223776224
13.6013986013986
19.8951048951049
22.2727272727273
24.8951048951049
24.6153846153846
14.3006993006993
21.013986013986
17.972027972028
29.8251748251748
29.8951048951049
20.8041958041958
27.9370629370629
23.6888111888112
17.7622377622378
27.0979020979021
15
14.3706293706294
10.6643356643357
27.4125874125874
18.3566433566434
16.7482517482517
17.0629370629371
15.3321678321678
29.2657342657343
18.5314685314685
27.8671328671329
23.6363636363636
19.7902097902098
24.4055944055944
26.1188811188811
17.8321678321678
17.3076923076923
22.4475524475524
19.2307692307692
24.9300699300699
20.6293706293706
19.965034965035
21.4335664335664
10.7342657342657
26.6433566433566
12.3776223776224
26.0489510489511
27.4475524475524
25.4195804195804
22.5174825174825
16.1188811188811
27.2727272727273
18.2167832167832
13.1118881118881
13.7762237762238
18.3916083916084
12.972027972028
16.3986013986014
11.958041958042
19.3356643356643
18.6363636363636
21.5734265734266
24.4055944055944
19.1608391608392
20.034965034965
12.2027972027972
15.6993006993007
14.1608391608392
12.7972027972028
15.5594405594406
14.4755244755245
20.6643356643357
25.4545454545455
16.0664335664336
23.2167832167832
25.2797202797203
22.1678321678322
27.5524475524476
26.2762237762238
27.7972027972028
15.2447552447552
26.3461538461538
25.9965034965035
28.7062937062937
28.3041958041958
21.9230769230769
29.3706293706294
19.8251748251748
27.027972027972
20.7692307692308
28.3566433566434
28.0944055944056
25.9965034965035
28.3041958041958
24.5804195804196
22.7272727272727
15.2097902097902
28.7762237762238
18.0769230769231
16.2237762237762
25.1923076923077
25.6643356643357
23.8111888111888
17.4825174825175
16.520979020979
23.041958041958
19.3006993006993
25.034965034965
18.8811188811189
20.2097902097902
20.9440559440559
18.4965034965035
23.8811188811189
24.965034965035
12.3426573426573
23.3916083916084
25.5594405594406
27.7622377622378
14.1958041958042
12.5524475524476
29.7902097902098
22.5524475524476
26.1188811188811
23.1818181818182
22.8321678321678
28.6713286713287
18.041958041958
10.5244755244755
29.1258741258741
18.9335664335664
28.986013986014
25.6643356643357
22.2377622377622
28.1468531468531
29.5804195804196
16.993006993007
26.993006993007
22.2027972027972
18.6713286713287
13.006993006993
14.527972027972
12.1678321678322
20.4545454545455
10.5594405594406
21.4685314685315
10.5944055944056
23.6013986013986
10.3846153846154
12.5174825174825
15.8041958041958
13.5314685314685
21.8531468531469
11.5734265734266
28.5314685314685
24.7727272727273
24.7727272727273
28.6363636363636
28.4615384615385
21.1888111888112
28.9510489510489
28.006993006993
25.9440559440559
23.006993006993
16.7832167832168
28.7412587412587
13.7062937062937
26.9230769230769
11.048951048951
16.1538461538462
11.3986013986014
13.1818181818182
12.3076923076923
15.5244755244755
12.1328671328671
11.7132867132867
12.5874125874126
14.0909090909091
16.2587412587413
18.7412587412587
10.3496503496504
10.4545454545455
17.027972027972
12.027972027972
20.979020979021
11.4335664335664
17.2377622377622
15.6293706293706
24.527972027972
15.034965034965
28.4965034965035
21.3636363636364
19.2657342657343
25
11.2937062937063
13.3916083916084
16.8181818181818
10.9440559440559
21.5384615384615
10.1398601398601
19.4405594405594
10.1398601398601
17.3426573426573
11.8181818181818
11.2587412587413
11.013986013986
18.986013986014
10.6293706293706
19.6503496503496
27.2377622377622
20.1398601398601
20.2447552447552
26.8881118881119
23.1468531468531
25.8041958041958
27.1328671328671
25.3496503496504
24.7727272727273
27.972027972028
16.7132867132867
11.6783216783217
23.5314685314685
26.5734265734266
22.027972027972
21.7832167832168
24.6503496503496
29.2307692307692
22.3426573426573
25.7517482517483
20.5244755244755
24.1608391608392
28.9160839160839
25.2447552447552
21.1538461538462
24.7727272727273
25.1048951048951
23.9160839160839
21.3986013986014
22.9020979020979
20.8391608391608
26.6083916083916
25.7517482517483
18.2517482517483
22.6573426573427
16.958041958042
22.4125874125874
11.3636363636364
16.2937062937063
14.4055944055944
17.5174825174825
22.7622377622378
11.8881118881119
11.1188811188811
14.5804195804196
19.1958041958042
10.4195804195804
16.8881118881119
17.2027972027972
19.6153846153846
20.4895104895105
20.7342657342657
13.6713286713287
24.2307692307692
19.7552447552448
30
21.993006993007
29.3356643356643
16.3636363636364
21.6783216783217
17.6923076923077
24.3356643356643
14.2307692307692
19.8601398601399
16.013986013986
12.9370629370629
22.0979020979021
11.6433566433566
14.7902097902098
23.3566433566434
17.6923076923077
13.2167832167832
10.3146853146853
12.0979020979021
10.1398601398601
10.1398601398601
14.1258741258741
10.8391608391608
17.6223776223776
12.7272727272727
13.8811188811189
11.6083916083916
26.3461538461538
19.6853146853147
11.993006993007
23.6888111888112
16.6783216783217
13.4615384615385
15.1748251748252
15.4545454545455
12.4475524475524
13.3566433566434
11.0839160839161
10.1398601398601
10.1398601398601
14.527972027972
12.6223776223776
11.5034965034965
15.0699300699301
10.2797202797203
20.3846153846154
19.1258741258741
13.3216783216783
13.5664335664336
20
13.8111888111888
21.0839160839161
14.965034965035
13.041958041958
21.048951048951
12.6923076923077
12.8321678321678
13.951048951049
24.2657342657343
15.4895104895105
13.2517482517483
10.8741258741259
11.8531468531469
11.1538461538462
13.2867132867133
11.2237762237762
14.9300699300699
10.1398601398601
10.4895104895105
10.979020979021
14.8601398601399
14.7552447552448
19.020979020979
15.8391608391608
18.5664335664336
12.9020979020979
16.3286713286713
23.0769230769231
12.4825174825175
22.9370629370629
15.7342657342657
13.9160839160839
14.020979020979
15.9440559440559
14.8251748251748
23.4965034965035
16.8531468531469
12.2727272727273
22.5874125874126
11.7482517482517
18.4265734265734
26.1188811188811
22.972027972028
26.3986013986014
22.6223776223776
18.8111888111888
14.6678321678322
18.8111888111888
18.8111888111888
10.6993006993007
25.4895104895105
16.6083916083916
14.6678321678322
16.5734265734266
11.3286713286713
25.5594405594406
19.0559440559441
15.2797202797203
10.8041958041958
14.6153846153846
12.7622377622378
13.8461538461538
10.9090909090909
14.7202797202797
18.9335664335664
13.1468531468531
16.4685314685315
13.0769230769231
11.5384615384615
12.6573426573427
14.3356643356643
21.6433566433566
11.4685314685315
18.1818181818182
13.7412587412587
11.9230769230769
18.6013986013986
12.8671328671329
14.2657342657343
19.4055944055944
16.4335664335664
23.1118881118881
21.1188811188811
20.2797202797203
16.520979020979
20.1048951048951
22.3076923076923
20.5594405594406
25.8741258741259
19.7202797202797
20.0699300699301
11.1888111888112
26.958041958042
13.4265734265734
21.6083916083916
15.979020979021
15.1048951048951
23.7762237762238
15.6643356643357
18.2867132867133
12.0629370629371
13.6363636363636
26.8531468531469
15.4195804195804
27.3776223776224
25.5594405594406
22.7972027972028
26.2762237762238
28.2342657342657
29.5104895104895
18.7062937062937
27.4825174825175
28.041958041958
27.3426573426573
26.7307692307692
23.986013986014
27.1678321678322
21.7132867132867
17.0979020979021
26.7832167832168
18.1118881118881
28.6013986013986
14.4405594405594
26.1888111888112
17.8671328671329
25.1923076923077
16.9230769230769
24.7727272727273
18.1468531468531
15.9090909090909
27.6923076923077
13.4965034965035
21.8181818181818
11.7832167832168
17.9370629370629
27.6573426573427
16.6433566433566
19.4755244755245
15.3321678321678
25.0699300699301
27.7272727272727
19.0909090909091
21.958041958042
29.020979020979
24.7727272727273
23.7412587412587
25.9090909090909
29.965034965035
23.2867132867133
29.5454545454545
20.1748251748252
27.5174825174825
20.5944055944056
26.6783216783217
27.9020979020979
28.3916083916084
27.0629370629371
29.7202797202797
21.8881118881119
28.5664335664336
29.6503496503496
26.4685314685315
24.4755244755245
29.9300699300699
19.3706293706294
26.5384615384615
26.7307692307692
24.1258741258741
