-0.68476357267951
-0.423817863397548
0.190893169877408
0.0280210157618214
0.0577933450087566
-0.0700525394045534
0.246935201401051
0.162872154115587
0.00350262697022767
0.129597197898424
0.0192644483362522
0.502626970227671
0.0332749562171629
-0.169877408056042
-0.154115586690018
0.217162872154116
-0.17338003502627
0.101576182136602
0.224168126094571
-0.0350262697022767
-0.171628721541156
-0.010507880910683
0.0472854640980736
0.0770577933450088
0.00788091068301226
-0.439579684763573
0.590192644483363
-0.00350262697022767
0.0998248686514886
0.15061295971979
0.0122591943957968
0.129597197898424
-0.0332749562171629
0.25569176882662
0.166374781085814
0.450087565674256
0.192644483362522
-0.0507880910683012
0.316987740805604
0.0665499124343257
0.215411558669002
0.0367775831873905
0.18739054290718
-0.0542907180385289
-0.170753064798599
0.0647985989492119
0.0630472854640981
0.0192644483362522
-0.00525394045534151
0.243432574430823
0.0140105078809107
-0.147110332749562
0.259194395796848
-0.108581436077058
0.502626970227671
0.355516637478109
0.385288966725044
0.633975481611208
0.124343257443082
0.0910683012259194
0.167250437828371
0.460595446584939
0.603327495621716
0.134851138353765
0.119089316987741
0.343257443082312
0.0998248686514886
-0.422066549912434
0.0490367775831874
-0.0367775831873905
-0.366024518388792
-0.507880910683012
-0.782837127845884
-0.359019264448336
0.260945709281961
-0.0262697022767075
-0.0963222416812609
-0.483362521891419
-0.259194395796848
-0.0376532399299475
-0.110332749562172
-0.0367775831873905
-0.0630472854640981
0.299474605954466
-0.0499124343257443
0.178633975481611
0.446584938704028
0.0455341506129597
-0.0718038528896672
0.359019264448336
-0.110332749562172
0.190893169877408
-0.0332749562171629
-0.12784588441331
0.134851138353765
0.387040280210158
0.138353765323993
0.401050788091068
0.5569176882662
0.619964973730298
0.612959719789842
-0.0140105078809107
0.194395796847636
0.0385288966725044
0.234676007005254
0.0700525394045534
-0.259194395796848
0.485113835376532
0.0656742556917688
0.0875656742556918
0.224168126094571
-0.0823117338003503
-0.392294220665499
-0.583187390542907
0.225919439579685
-0.462346760070053
-0.563922942206655
-0.514886164623468
-0.633099824868651
0.444833625218914
-0.302977232924694
-0.00175131348511384
-0.101576182136602
-0.450087565674256
-0.117338003502627
0.339754816112084
-0.0560420315236427
0.0175131348511384
0.330998248686515
0.248686514886165
0.266199649737303
0.0560420315236427
-0.031523642732049
-0.259194395796848
-0.394045534150613
-0.0227670753064799
-0.462346760070053
-0.0840630472854641
0.0262697022767075
-0.0647985989492119
-0.374781085814361
-0.611208406304729
0.0367775831873905
-0.17338003502627
-0.357267950963222
-0.42907180385289
0.0332749562171629
-0.628721541155867
-0.0437828371278459
-0.584938704028021
-0.241681260945709
-0.166374781085814
-0.23292469352014
0.112084063047285
0.201401050788091
0.042031523642732
-0.021015761821366
0.0595446584938704
0.103327495621716
-0.110332749562172
0.0718038528896672
-0.18739054290718
-0.252189141856392
-0.133099824868651
-0.125218914185639
0.161120840630473
0.218914185639229
-0.0910683012259194
0.555166374781086
0.104203152364273
0.457092819614711
-0.598949211908932
0.212784588441331
-0.132224168126095
0.0945709281961471
0.550788091068301
-0.206654991243433
0.0227670753064799
-0.493870402802102
-0.0928196147110333
-0.280210157618214
0.169877408056042
0.214535901926445
0.456217162872154
0.640105078809107
0.194395796847636
0.45183887915937
0.0805604203152364
0.469352014010508
0.00175131348511384
0.218914185639229
0.594570928196147
0.728546409807356
0.53415061295972
0.320490367775832
0.114711033274956
0.51138353765324
0.0858143607705779
0.164623467600701
0.0665499124343257
-0.117338003502627
-0.408056042031524
-0.367775831873905
0.152364273204904
0.0805604203152364
-0.439579684763573
-0.306479859894921
0.0665499124343257
-0.0753064798598949
-0.781085814360771
-0.87215411558669
0.0630472854640981
-0.0350262697022767
0.0437828371278459
-0.161120840630473
0.126094570928196
0.0262697022767075
-0.276707530647986
-0.621716287215412
0.18739054290718
0.0288966725043783
0.143607705779334
0.0437828371278459
-0.175131348511384
0.103327495621716
0.446584938704028
-0.397548161120841
-0.0157618213660245
-0.264448336252189
-0.308231173380035
-0.390542907180385
-0.170753064798599
-0.444833625218914
0.218914185639229
-0.548161120840631
0.00875656742556918
-0.395796847635727
0.285464098073555
-0.350262697022767
-0.364273204903678
-0.031523642732049
-0.499124343257443
-0.124343257443082
-0.686514886164623
0.042031523642732
-0.242556917688266
-0.111208406304729
-0.0350262697022767
-0.0122591943957968
-0.25569176882662
0.122591943957968
0.422066549912434
0.562171628721541
0.162872154115587
-0.164623467600701
0.598949211908932
-0.15061295971979
0.124343257443082
-0.33800350262697
-0.527145359019264
-0.80385288966725
-0.775831873905429
-0.369527145359019
-0.450087565674256
-0.345008756567426
-0.162872154115587
-0.264448336252189
0.0595446584938704
-0.0385288966725044
0.0647985989492119
-0.236427320490368
-0.17338003502627
0.201401050788091
-0.0823117338003503
0.297723292469352
-0.0455341506129597
0.252189141856392
0.0840630472854641
0.30385288966725
-0.0367775831873905
0.253940455341506
-0.0227670753064799
-0.441330998248686
-0.140105078809107
-0.709281961471103
-0.218914185639229
-0.206654991243433
-0.0928196147110333
0.302977232924694
-0.140105078809107
0.280210157618214
-0.0647985989492119
0.285464098073555
0.00525394045534151
0.0192644483362522
0.0245183887915937
0.30122591943958
-0.267950963222417
0.32399299474606
0.57968476357268
0.245183887915937
0.129597197898424
0.663747810858144
0.164623467600701
0.399299474605954
0.192644483362522
-0.124343257443082
-0.144483362521891
0.532399299474606
-0.348511383537653
-0.32399299474606
-0.0560420315236427
0.252189141856392
-0.00175131348511384
-0.0770577933450088
-0.0350262697022767
0.339754816112084
0.350262697022767
0.620840630472855
0.281961471103327
0.670753064798599
0.833625218914186
0.4430823117338
0.119089316987741
0.160245183887916
-0.0928196147110333
-0.227670753064799
-0.246935201401051
-0.213660245183888
-0.334500875656743
0.178633975481611
0.16199649737303
0.239929947460595
0.0192644483362522
0.252189141856392
0.304728546409807
0.00175131348511384
0.241681260945709
0.183887915936953
0.352014010507881
0.623467600700525
0.0770577933450088
0.0455341506129597
0.15061295971979
0.273204903677758
-0.169877408056042
0.316987740805604
0.227670753064799
0.18739054290718
0.25569176882662
-0.0367775831873905
-0.562171628721541
-0.197898423817863
-0.427320490367776
0.246935201401051
0.134851138353765
0.513134851138354
0.115586690017513
0.021015761821366
0.25569176882662
0.453590192644483
0.0490367775831874
0.4430823117338
0.260945709281961
0.140105078809107
0.586690017513135
0.0805604203152364
0.236427320490368
0.591943957968476
0.229422066549912
-0.145359019264448
-0.311733800350263
0.0910683012259194
-0.0735551663747811
-0.00175131348511384
0.138353765323993
-0.260945709281961
0.227670753064799
-0.21015761821366
-0.392294220665499
-0.7215411558669
0.594570928196147
-0.0753064798598949
-0.0385288966725044
0.265323992994746
0.021015761821366
0.110332749562172
0.206654991243433
0.239929947460595
0.0998248686514886
0.162872154115587
-0.00700525394045534
-0.0910683012259194
-0.0840630472854641
0.214535901926445
0.0612959719789842
-0.0595446584938704
0.0490367775831874
-0.304728546409807
0.0700525394045534
-0.204903677758319
-0.366024518388792
-0.112084063047285
0.0175131348511384
0.0472854640980736
0.133099824868651
-0.213660245183888
0.0683012259194396
0.464098073555166
0.113835376532399
0.0665499124343257
0.168126094570928
0.665499124343257
0.0595446584938704
-0.0560420315236427
-0.0788091068301226
0.0577933450087566
0.0262697022767075
0.0560420315236427
-0.0455341506129597
0.0297723292469352
-0.201401050788091
-0.357267950963222
-0.628721541155867
-0.437828371278459
-0.194395796847636
-0.378283712784588
-0.108581436077058
-0.366024518388792
-0.514886164623468
-0.00875656742556918
0.0875656742556918
-0.0542907180385289
0.133099824868651
-0.140105078809107
0.0840630472854641
-0.00875656742556918
0.238178633975482
0.154115586690018
0.523642732049037
0.239929947460595
-0.0507880910683012
0.528896672504378
-0.316987740805604
-0.208406304728546
0.334500875656743
0.0910683012259194
0.259194395796848
-0.0542907180385289
0.0980735551663748
0.109457092819615
0.266199649737303
0.376532399299475
-0.0647985989492119
0.598949211908932
0.283712784588441
0.0394045534150613
0.0980735551663748
-0.457092819614711
0.0805604203152364
-0.285464098073555
-0.654991243432574
-0.949211908931699
-0.749562171628722
-0.714535901926445
-0.782837127845884
-0.751313485113835
-0.635726795096322
-0.519264448336252
-0.838879159369527
-0.4430823117338
-0.562171628721541
-0.297723292469352
-0.502626970227671
-0.0805604203152364
-0.0192644483362522
-0.168126094570928
-0.0875656742556918
-0.425569176882662
-0.103327495621716
0.101576182136602
0.0227670753064799
-0.0262697022767075
0.140105078809107
-0.229422066549912
0.486865148861646
0.441330998248686
0.378283712784588
0.0709281961471103
0.21015761821366
0.378283712784588
0.262697022767075
0.308231173380035
0.0280210157618214
0.0507880910683012
-0.376532399299475
0.0980735551663748
-0.204903677758319
-0.276707530647986
-0.563922942206655
-0.0998248686514886
0.0560420315236427
-0.0542907180385289
-0.346760070052539
-0.621716287215412
-0.133099824868651
0.380035026269702
0.0122591943957968
0.362521891418564
0.183887915936953
0.134851138353765
0.429947460595447
0.563047285464098
0.136602451838879
-0.133099824868651
-0.0665499124343257
0.364273204903678
0.313485113835377
0.557793345008757
0.427320490367776
0.154115586690018
0.31523642732049
-0.182136602451839
0.434325744308231
-0.248686514886165
0.042031523642732
-0.481611208406305
-0.182136602451839
-0.558669001751314
0.063922942206655
-0.45183887915937
0.240805604203152
-0.213660245183888
-0.141856392294221
0.15061295971979
-0.281961471103327
-0.164623467600701
-0.654991243432574
-0.0175131348511384
0.213660245183888
-0.176882661996497
-0.246935201401051
-0.587565674255692
-0.218914185639229
-0.0507880910683012
-0.0945709281961471
-0.313485113835377
0.0227670753064799
-0.258318739054291
-0.134851138353765
0.0157618213660245
0.101576182136602
-0.148861646234676
0
-0.355516637478109
0.117338003502627
0.0840630472854641
0.264448336252189
0.422066549912434
0.138353765323993
0.257443082311734
0.141856392294221
-0.318739054290718
-0.0280210157618214
0.309982486865149
-0.159369527145359
-0.238178633975482
0.115586690017513
-0.262697022767075
-0.120840630472855
0.197022767075306
-0.213660245183888
