-0.562189054726368
-0.0646766169154229
-0.191542288557214
0.134328358208955
0.0248756218905473
0.0746268656716418
0.18407960199005
0.529850746268657
0.477611940298507
0.164179104477612
0.23134328358209
0.495024875621891
-0.621890547263682
0.0597014925373134
0.169154228855721
0.0646766169154229
-0.0845771144278607
-0.258706467661692
0.305970149253731
-0.0995024875621891
-0.114427860696517
-0.104477611940299
-0.0447761194029851
-0.119402985074627
-0.213930348258706
-0.129353233830846
-0.0696517412935323
0.139303482587065
-0.203980099502488
-0.0522388059701493
0.159203980099502
0.174129353233831
-0.283582089552239
-0.114427860696517
-0.241293532338308
0.00497512437810945
0.223880597014925
-0.0646766169154229
0.174129353233831
-0.0248756218905473
0.407960199004975
0.131840796019901
0.196517412935323
0.00497512437810945
0.154228855721393
0.166666666666667
0.236318407960199
0.139303482587065
0.0298507462686567
0.0298507462686567
0.236318407960199
0.203980099502488
0.186567164179104
-0.26865671641791
0.119402985074627
0.32089552238806
-0.189054726368159
-0.0298507462686567
0.293532338308458
0.139303482587065
-0.338308457711443
0.216417910447761
0.477611940298507
-0.0298507462686567
0.149253731343284
0.300995024875622
0.0597014925373134
-0.17910447761194
0.121890547263682
-0.00995024875621891
-0.370646766169154
-0.0223880597014925
-0.27363184079602
0.0447761194029851
0.151741293532338
-0.129353233830846
-0.144278606965174
0.0572139303482587
-0.0348258706467662
-0.26865671641791
-0.114427860696517
0.154228855721393
0.243781094527363
-0.191542288557214
-0.0870646766169154
-0.281094527363184
0.303482587064677
-0.213930348258706
-0.00995024875621891
-0.124378109452736
0.388059701492537
-0.248756218905473
-0.0248756218905473
0.0920398009950249
0.109452736318408
0.380597014925373
-0.0248756218905473
-0.0945273631840796
0.323383084577114
0.194029850746269
0.248756218905473
0.0149253731343284
0.203980099502488
0.385572139303483
-0.124378109452736
-0.203980099502488
0.104477611940299
0.00497512437810945
-0.169154228855721
-0.169154228855721
-0.502487562189055
-0.228855721393035
-0.592039800995025
-0.151741293532338
-0.0248756218905473
-0.196517412935323
0.0398009950248756
-0.353233830845771
-0.0149253731343284
0.256218905472637
0.0572139303482587
0.32089552238806
-0.199004975124378
0.22636815920398
-0.0447761194029851
0.216417910447761
0.194029850746269
0.00995024875621891
-0.129353233830846
0.0398009950248756
0.144278606965174
-0.353233830845771
0.0447761194029851
-0.206467661691542
0.189054726368159
-0.26865671641791
-0.169154228855721
-0.378109452736318
-0.194029850746269
0.054726368159204
-0.0348258706467662
-0.201492537313433
0.0323383084577114
0.0995024875621891
0.0149253731343284
0.0149253731343284
0.0895522388059701
0.101990049751244
0.00497512437810945
0.00746268656716418
-0.380597014925373
0.169154228855721
-0.0646766169154229
0.00995024875621891
0.303482587064677
-0.00497512437810945
0.0223880597014925
0.124378109452736
-0.0646766169154229
0.119402985074627
0.281094527363184
-0.0398009950248756
-0.0348258706467662
-0.00995024875621891
0.0248756218905473
-0.027363184079602
0.0447761194029851
0.31592039800995
0.524875621890547
0.0124378109452736
0.216417910447761
0.0447761194029851
0.485074626865672
-0.390547263681592
0.0522388059701493
0.233830845771144
-0.0248756218905473
-0.248756218905473
0.0348258706467662
0.288557213930348
-0.360696517412935
-0.146766169154229
-0.131840796019901
-0.308457711442786
0.146766169154229
-0.17910447761194
0.253731343283582
-0.0597014925373134
-0.383084577114428
-0.323383084577114
-0.194029850746269
0.0696517412935323
-0.487562189054726
-0.338308457711443
-0.174129353233831
-0.129353233830846
-0.283582089552239
-0.338308457711443
-0.201492537313433
-0.194029850746269
0.455223880597015
-0.109452736318408
