0.643564356435644
0.806930693069307
1
0.688118811881188
0.351485148514851
0.450495049504951
0.554455445544555
0.0841584158415842
0.51980198019802
0.910891089108911
0.584158415841584
0.297029702970297
0.975247524752475
0.727722772277228
0.301980198019802
0.717821782178218
0.47029702970297
0.599009900990099
0.148514851485149
0.316831683168317
0.0940594059405941
0.292079207920792
0.465346534653465
0.935643564356436
0.678217821782178
0.227722772277228
0.237623762376238
0.341584158415842
0.475247524752475
0.801980198019802
0.608910891089109
0.202970297029703
0.762376237623762
0.321782178217822
0.103960396039604
0.871287128712871
0.594059405940594
0.50990099009901
0.628712871287129
0.0643564356435644
0.222772277227723
0.0346534653465347
0.158415841584158
0.792079207920792
0.54950495049505
0.0396039603960396
0.247524752475248
0.787128712871287
0.366336633663366
0.0792079207920792
0.623762376237624
0.663366336633663
0.143564356435644
0.534653465346535
0.886138613861386
0.613861386138614
0.346534653465347
0.891089108910891
0.693069306930693
0.930693069306931
0.638613861386139
0.435643564356436
0.311881188118812
0.168316831683168
0.331683168316832
0.0742574257425743
0.178217821782178
0.0297029702970297
0.00495049504950495
0.173267326732673
0.0544554455445545
0.163366336633663
0.603960396039604
0.648514851485149
0.113861386138614
0.257425742574257
0.737623762376238
0.400990099009901
0.188118811881188
0.569306930693069
0.836633663366337
0.430693069306931
0.420792079207921
0.866336633663366
0.920792079207921
0.985148514851485
0.747524752475248
0.99009900990099
0.96039603960396
0.896039603960396
0.455445544554455
0.707920792079208
0.940594059405941
0.698019801980198
0.371287128712871
0.391089108910891
0.653465346534653
0.900990099009901
0.504950495049505
0.826732673267327
0.524752475247525
0.905940594059406
0.876237623762376
0.306930693069307
0.53960396039604
0.925742574257426
0.797029702970297
0.5
0.356435643564356
0.287128712871287
0.376237623762376
0.782178217821782
0.856435643564356
0.123762376237624
0.336633663366337
0.0099009900990099
0.193069306930693
0.381188118811881
0.0495049504950495
0.133663366336634
0.0198019801980198
0.0148514851485149
0.0247524752475248
0.0445544554455446
0.198019801980198
0.212871287128713
0.485148514851485
0.841584158415842
0.722772277227723
0.95049504950495
0.955445544554455
0.811881188118812
0.965346534653465
0.544554455445545
0.386138613861386
0.658415841584158
0.242574257425743
0.396039603960396
0.277227722772277
0.732673267326733
0.099009900990099
0.153465346534653
0.405940594059406
0.232673267326733
0.514851485148515
0.846534653465347
0.683168316831683
0.183168316831683
0.440594059405941
0.326732673267327
0.821782178217822
0.49009900990099
0.995049504950495
0.881188118811881
0.495049504950495
0.816831683168317
0.98019801980198
0.861386138613861
0.579207920792079
0.618811881188119
0.851485148514851
0.425742574257426
0.272277227722772
0.757425742574257
0.767326732673267
0.118811881188119
0.574257425742574
0.564356435643564
0.282178217821782
0.0891089108910891
0.777227722772277
0.831683168316832
0.252475247524752
0.415841584158416
0.108910891089109
0.702970297029703
0.361386138613861
0.410891089108911
0.712871287128713
0.52970297029703
0.207920792079208
0.138613861386139
0.0594059405940594
0.128712871287129
0.0693069306930693
0.262376237623762
0.267326732673267
0.742574257425743
0.945544554455445
0.46039603960396
0.48019801980198
0.673267326732673
0.772277227722772
0.97029702970297
0.752475247524752
0.589108910891089
0.559405940594059
0.633663366336634
0.445544554455446
0.668316831683168
0.217821782178218
0.915841584158416
