0.482604477188393
1.18030642497885
1.53625452353862
1.00528041209808
0.359769627225284
0.65948666113527
0.999602712366456
1.11261077433252
1.93260163941958
2.15206657135367
1.82232324078604
1.00331505449867
0.623127545546189
1.82996629811707
0.872291214538025
2.14005605269061
1.08149261234186
0.58687761649041
0.692133434592132
0.515251250645255
0.0562856579164291
0.671169620198428
0.793676910561635
1.69566686215741
0.930269263720612
0.0810382450156618
0.225688564332219
0.992833147301822
0.580217237959077
1.9162236594245
1.39540389558092
0.713315622052437
0.939113372917956
0.0844121088946485
0.0442860579066996
1.76772997413576
1.34626995559567
1.3113302649395
1.34408622492966
0.392743960282047
1.00713658316419
0.391433721882441
0.471467450791738
1.412873740909
1.56355115686375
0.440567661867684
0.558489117832269
2.58444524322381
0.711568637519628
0.126656378628628
1.75135199414068
2.44577834593213
0.466335683726612
0.761466883237975
2.62921172187704
2.06144174871422
0.312164298706248
1.99047050206887
2.0974733047034
2.17499574334678
0.541346832104084
0.910724874259815
1.42925172090409
0.298297608977079
0.97012234837531
0.672479858598034
0.739957136177769
0.0352672502560749
0.379532389752682
0.224378325932612
0.0349833652694934
0.0361189052158191
0.882118002535073
1.1901332129759
0.416328251474964
0.12698393822853
1.30805466894049
1.12352942766257
0.254732182190163
0.637867727541763
1.46091581556124
0.910615687726515
0.956474031712742
1.30914653427349
1.32224891826956
1.30914653427349
2.14442351402263
1.05168468875081
1.89220262209838
1.70330991948844
1.43798664356813
0.452796553597345
2.33004062063355
1.53625452353862
0.711787010586229
0.804486377358389
0.780028593899067
1.8954782180974
1.17593896364683
2.01995086606001
0.878842406536057
1.90421314076144
1.69239126615839
0.816496896021448
0.790182941496018
1.38666897291688
1.64980851817118
1.21306238496901
0.275914369650468
0.277988913783178
0.376693539886868
1.22179730763306
0.615593674748452
0.137684218491983
0.791274806829023
0.0352672502560749
0.408248448010724
0.202322646205903
0.0361298238691491
0.594411487288147
0.201012407806297
0.712114570186131
0.0349833652694934
0.522020815709888
0.387503006683621
0.502585612782392
1.12462129299558
1.38011778091884
1.28184990094836
2.57461845522676
1.94242842741663
0.848270177211906
2.37808269528579
1.32224891826956
0.847396684945501
0.963571156377277
0.126328819028726
0.126656378628628
0.452032247864241
1.4718344688913
0.490902653719234
0.0361298238691491
0.825777751351994
0.471139891191836
0.756990235372653
2.01230780872898
1.41724120224103
0.301136458842893
0.904719614928286
0.641252510074079
1.12352942766257
1.15519352231973
2.13459672602558
2.02541019272504
1.32989197560059
1.37902591558584
2.59099643522185
2.58553710855682
0.84117305254737
1.20323559697197
1.82232324078604
0.580435611025678
0.13713828582548
1.78847541546287
1.08182017194176
0.036107986562489
1.16720404098279
2.59099643522185
1.08498658140748
0.100091295076606
1.9162236594245
2.39336880994787
1.411781875576
0.118249015564486
0.148602871822037
2.49054482458535
0.862901172674178
0.717573896851158
1.59958271285293
1.62797121151107
0.0349833652694934
0.0352672502560749
0.0349833652694934
0.0352672502560749
0.414144520808953
0.475725725590459
0.900242967062963
1.34845368626169
1.1497341956547
0.206580921004624
0.78854514349651
1.18576575164388
0.425936666405412
1.20760305830399
0.848597736811807
0.786143039763898
0.441987086800591
0.656429438202854
0.423862122272701
0.644309733006494
0.920114916123662
1.38230151158485
