-0.368159203980099
-0.169154228855721
-0.211442786069652
-0.119402985074627
-0.169154228855721
-0.0895522388059701
0.00497512437810945
0.517412935323383
0.368159203980099
0.0298507462686567
0.266169154228856
0.26865671641791
-0.641791044776119
0.129353233830846
0.189054726368159
0.213930348258706
0.114427860696517
-0.278606965174129
0.228855721393035
-0.0248756218905473
-0.0248756218905473
0.0746268656716418
-0.0199004975124378
-0.114427860696517
-0.149253731343284
-0.154228855721393
-0.0895522388059701
0.213930348258706
-0.164179104477612
0.0771144278606965
0.139303482587065
0.194029850746269
-0.228855721393035
-0.243781094527363
-0.0398009950248756
-0.0348258706467662
0.124378109452736
0.18407960199005
0.0845771144278607
0.144278606965174
0.353233830845771
0.169154228855721
0.109452736318408
-0.0348258706467662
0.248756218905473
0.199004975124378
0.0597014925373134
0.194029850746269
0.0149253731343284
0.0223880597014925
0.208955223880597
0.303482587064677
0.114427860696517
-0.119402985074627
0.114427860696517
0.303482587064677
-0.169154228855721
0.00497512437810945
0.228855721393035
0.0149253731343284
-0.338308457711443
0.0845771144278607
0.45771144278607
0
0.218905472636816
0.298507462686567
0.228855721393035
0.00248756218905473
0.189054726368159
-0.0298507462686567
-0.0422885572139304
-0.114427860696517
-0.104477611940299
0
0.109452736318408
-0.149253731343284
-0.0597014925373134
0.206467661691542
-0.0348258706467662
-0.228855721393035
-0.0597014925373134
0.0845771144278607
0.119402985074627
-0.181592039800995
-0.221393034825871
-0.300995024875622
0.189054726368159
-0.412935323383085
-0.0995024875621891
-0.0696517412935323
0.318407960199005
-0.45771144278607
0.00995024875621891
0.0920398009950249
0.0149253731343284
0.0597014925373134
-0.233830845771144
-0.0348258706467662
0.129353233830846
0.0796019900497512
-0.0298507462686567
-0.0348258706467662
-0.0597014925373134
0.149253731343284
-0.104477611940299
-0.18407960199005
0.0149253731343284
0.164179104477612
-0.199004975124378
-0.124378109452736
-0.189054726368159
-0.114427860696517
-0.527363184079602
-0.00497512437810945
0.104477611940299
0.0223880597014925
0.0199004975124378
-0.248756218905473
0.00746268656716418
0.194029850746269
0.109452736318408
0.378109452736318
-0.0124378109452736
0.253731343283582
0
0.0746268656716418
0.129353233830846
-0.109452736318408
-0.0497512437810945
0.0248756218905473
-0.0646766169154229
-0.338308457711443
-0.00995024875621891
0.156716417910448
0.0845771144278607
-0.114427860696517
-0.149253731343284
-0.296019900497512
-0.0298507462686567
0.0497512437810945
0.18407960199005
-0.0970149253731343
0.054726368159204
0.0298507462686567
-0.104477611940299
0.054726368159204
0.0796019900497512
-0.00995024875621891
0.0696517412935323
0.0199004975124378
-0.216417910447761
0.134328358208955
-0.0696517412935323
0.0298507462686567
0.213930348258706
-0.0895522388059701
0.0124378109452736
0.124378109452736
-0.114427860696517
0.0348258706467662
-0.00248756218905473
-0.109452736318408
-0.159203980099502
0.0845771144278607
-0.17910447761194
-0.0746268656716418
0.054726368159204
0.430348258706468
0.313432835820896
-0.00497512437810945
0.101990049751244
0.129353233830846
0.502487562189055
-0.328358208955224
0.0149253731343284
0.26865671641791
0.124378109452736
-0.00995024875621891
0.0895522388059701
0.278606965174129
-0.196517412935323
-0.106965174129353
-0.0472636815920398
-0.0970149253731343
0.149253731343284
0.00995024875621891
0.238805970149254
-0.0199004975124378
-0.328358208955224
-0.323383084577114
-0.0497512437810945
-0.0298507462686567
-0.54228855721393
-0.313432835820896
-0.27363184079602
-0.164179104477612
-0.318407960199005
-0.278606965174129
-0.218905472636816
-0.318407960199005
0.308457711442786
-0.17910447761194
